000010 0.008315 308.143219 327.565369 348.215424 376.505615
000010 0.006578 91.020905 204.765167 205.831177 411.468475
000010 0.785220 97.220207 96.027283 255.777832 412.308655
000022 0.929078 72.893188 108.284294 368.863647 289.913269
000025 0.021057 64.364456 96.401520 203.326340 208.843567
000025 0.022260 58.336491 109.306404 146.877228 266.009521
000025 0.254149 113.403008 130.908096 221.581451 233.272171
000025 0.025789 60.146355 131.292114 206.001678 310.187958
000025 0.914299 67.826614 169.625458 377.758179 375.000000
000056 0.005283 236.851837 64.933762 272.628082 105.799759
000056 0.021726 23.565910 235.261124 173.181000 322.041687
000056 0.944307 161.676071 62.699692 396.921631 334.000000
000062 0.014348 476.615234 183.816986 499.920471 316.531860
000062 0.007522 469.434998 231.057465 497.254211 331.152130
000062 0.008531 450.610474 70.286545 498.742554 333.000000
000086 0.116716 266.943573 122.492226 294.508148 155.812637
000086 0.007125 309.803741 130.637817 346.350433 157.141296
000086 0.013218 492.586273 118.936600 500.000000 166.692703
000086 0.005067 223.165009 149.797150 275.039429 185.345947
000086 0.094516 489.647095 136.389771 500.000000 186.186707
000111 0.005736 298.247406 262.269379 357.868317 293.721039
000166 0.027689 468.661346 172.554062 495.974640 234.057755
000166 0.005787 227.253754 186.707001 262.317352 260.531647
000166 0.088715 262.475708 187.691925 303.131836 272.255219
000166 0.149204 423.055298 207.443054 487.317261 255.972351
000166 0.361699 461.848358 198.181900 497.810638 256.738770
000166 0.027093 257.540802 216.946472 308.346283 293.677032
000166 0.024451 316.452301 213.869232 352.241486 283.306976
000166 0.008965 476.229126 225.899612 494.064941 272.662537
000166 0.005975 15.742104 164.489609 95.041168 292.641052
000166 0.011588 161.863327 169.621384 254.489029 301.256958
000166 0.180821 222.710693 172.443542 347.059570 295.763916
000166 0.831715 55.438438 160.021118 218.660980 337.325500
000166 0.084825 198.693253 202.322754 307.779816 301.462189
000166 0.005388 205.105194 96.015533 376.064056 360.119659
000166 0.010797 151.199066 168.211090 431.246735 301.432648
000168 0.010474 85.032845 139.316971 181.515564 320.126343
000168 0.859125 93.402397 137.082993 202.210693 469.219910
000237 0.917853 65.243729 54.452301 414.890686 319.452301
000248 0.007391 70.630646 120.319534 132.178940 201.531906
000248 0.007560 29.238342 116.083359 170.262512 218.652359
000248 0.786395 96.440201 96.517281 340.325806 262.677826
000248 0.005058 60.356125 56.133362 440.879517 332.000000
000267 0.022313 181.645935 275.796173 301.219238 462.760956
000267 0.834500 74.658249 82.368347 324.336548 500.000000
000267 0.013210 118.105896 59.348221 332.000000 500.000000
000271 0.009610 37.918953 179.866577 59.816223 229.910400
000273 0.018025 1.000000 252.546463 124.711357 340.012207
000290 0.014792 67.938293 60.207062 333.000000 474.938446
000297 0.008170 113.846146 127.049683 255.500809 395.978271
000319 0.012096 490.896545 124.247475 500.000000 223.141388
000319 0.709989 309.768585 181.961731 380.161530 249.495728
000319 0.017173 488.657257 170.609909 499.325409 244.074417
000319 0.094816 2.707279 194.609726 42.881851 270.189850
000319 0.006629 491.872284 198.076553 499.307281 273.702942
000319 0.017590 1.000000 137.158630 64.798492 279.164185
000319 0.009809 1.000000 188.027924 109.043365 284.956909
000319 0.894197 46.105354 86.696861 297.797180 296.271332
000330 0.044238 1.000000 70.975929 19.502672 197.054230
000330 0.013618 76.076088 156.341309 130.847992 254.943604
000330 0.006295 50.572414 104.379089 142.724213 246.327728
000330 0.009719 1.000000 121.503479 101.816101 292.867432
000330 0.792448 75.670135 65.021759 400.517334 331.559296
000356 0.007493 274.777283 207.186386 312.998657 290.128296
000356 0.005512 169.235443 264.050293 220.896240 356.510437
000356 0.007824 76.635071 194.428024 179.216049 361.973999
000356 0.053870 135.488297 183.986053 240.828232 370.480621
000356 0.009540 141.575745 256.520477 241.902802 434.136139
000356 0.856488 96.295746 165.102936 229.125214 460.042145
000378 0.960858 46.329185 72.296143 210.548553 315.608978
000386 0.034947 148.641006 175.579468 207.929031 263.082855
000386 0.014823 65.975662 142.158569 188.948181 335.808899
000392 0.006289 373.764954 181.648773 429.638794 220.994537
000392 0.005553 460.317993 161.600189 500.000000 234.331024
000392 0.058834 144.368546 78.403290 298.015381 256.798126
000392 0.015008 320.253296 166.340393 485.948364 245.481842
000392 0.006564 206.837296 173.067856 360.331665 293.179260
000392 0.923757 108.345718 112.741791 373.594543 301.935120
000393 0.884684 171.650406 117.259949 417.783386 293.443512
000410 0.014898 69.332016 219.542816 101.380844 289.580353
000410 0.007646 134.862503 255.799164 178.144547 306.175262
000410 0.090860 176.339874 242.281082 239.166443 313.255280
000410 0.005683 237.798965 197.945541 315.763458 320.346252
000410 0.812872 141.990479 228.723755 271.429871 325.187805
000412 0.011426 37.787731 100.368835 162.114838 246.583801
000412 0.008108 44.784302 167.232391 220.619965 311.250244
000412 0.006112 1.000000 6.420685 194.232361 262.416168
000412 0.941024 57.492020 112.160286 381.271484 333.000000
000413 0.155032 237.705307 13.756577 498.592651 375.000000
000413 0.009954 148.233032 171.243622 434.116089 361.259125
000413 0.029565 1.000000 1.000000 437.199097 375.000000
000432 0.116000 220.476059 204.264771 271.677856 238.457458
000434 0.006665 4.587120 144.498199 24.373211 232.273071
000434 0.006228 9.829834 103.549019 53.570480 354.769257
000434 0.028005 10.470184 120.185043 106.414452 340.246338
000434 0.935844 108.612732 73.771805 430.753235 356.259216
000445 0.009362 1.000000 132.653290 19.279268 260.515442
000445 0.013791 74.052765 108.877983 195.941589 248.485016
000445 0.005967 221.437622 111.573547 348.850342 242.353729
000445 0.840656 1.000000 50.366684 173.268372 269.013184
000445 0.911094 111.817673 63.864845 322.657593 254.989014
000445 0.778936 271.877289 84.814926 482.815948 264.550964
000455 0.012304 478.216217 57.871918 492.757172 112.369492
000455 0.005506 380.528107 129.699478 438.715912 200.778305
000455 0.021150 375.611511 92.879616 496.045288 247.964600
000455 0.893463 115.958130 91.516945 480.995789 308.999451
000458 0.018462 15.465286 22.734314 426.749878 292.765076
000539 0.006786 277.264587 236.594330 364.463684 289.167389
000539 0.104698 121.473145 236.395386 306.576050 373.920654
000539 0.663339 120.241928 216.967896 474.683716 375.000000
000539 0.014272 35.658722 79.680817 500.000000 375.000000
000546 0.008354 1.222015 134.383240 318.380035 374.228638
000548 0.007498 226.533951 141.044510 280.476013 157.529587
000604 0.015911 225.926025 319.724335 329.263916 476.879547
000604 0.019501 67.771217 177.525116 225.059723 412.118866
000604 0.934230 15.280396 229.380936 280.501740 448.435364
000616 0.018197 24.889519 249.651978 158.711853 403.367798
000616 0.840028 40.496933 98.435287 335.514343 401.476929
000623 0.005743 241.796631 71.190308 277.901489 94.980972
000623 0.016999 181.363998 80.757370 235.033035 187.563553
000623 0.952263 111.985672 47.735344 222.346237 195.129730
000643 0.007004 470.223145 164.188843 500.000000 304.686127
000643 0.051583 454.356232 206.063843 499.760956 338.236755
000643 0.032601 117.362137 236.343933 386.545776 375.000000
000666 0.005622 492.970764 173.318497 500.000000 294.943115
000666 0.006947 13.134850 145.632889 101.456367 295.368530
000666 0.026023 61.056725 155.059845 218.758881 312.332794
000666 0.008933 144.261444 165.724335 267.446045 307.245758
000666 0.047524 191.111908 159.228928 310.288300 312.335632
000666 0.009774 1.000000 77.578705 132.279251 333.000000
000666 0.008656 1.000000 131.287048 223.838364 296.737823
000666 0.712348 28.291367 116.511688 311.592163 311.862274
000666 0.016981 1.000000 47.559067 365.763794 333.000000
000704 0.005770 1.000000 182.710480 15.624144 252.322021
000704 0.044790 11.317009 82.928596 111.864700 221.854004
000704 0.037827 101.110855 113.821457 247.657120 318.623718
000704 0.029605 222.287384 117.120392 357.535370 328.414276
000704 0.735140 12.724609 78.448517 168.916168 348.405762
000704 0.279880 276.285645 92.981499 441.024353 332.054749
000704 0.750724 67.119247 85.922455 356.521118 340.081055
000725 0.016209 349.101929 150.196426 391.482605 210.696640
000734 0.054699 386.829163 140.338974 465.409973 272.663025
000751 0.032267 76.546051 29.021713 431.098022 326.816895
000769 0.086262 9.078140 25.504227 266.052612 325.309998
000773 0.010839 16.463867 48.249954 468.722351 375.000000
000783 0.010895 462.554199 136.335846 480.000000 306.746490
000783 0.006413 437.661743 101.649200 475.603760 401.244720
000783 0.972122 110.705887 97.624390 444.767761 409.544342
000836 0.804663 85.000183 158.877777 216.285553 442.785004
000866 0.010978 8.302101 123.711960 96.188087 166.589737
000866 0.009576 1.000000 114.630096 114.267792 184.071777
000866 0.007306 188.412277 124.786713 287.934357 300.477661
000866 0.917665 140.536362 158.236847 361.363159 369.064362
000869 0.024034 9.326494 309.149658 45.298470 408.607727
000869 0.013007 34.118473 306.987244 70.374756 413.001953
000869 0.014894 1.000000 377.001404 110.375412 498.509766
000869 0.010657 33.359840 235.154755 222.762329 500.000000
000875 0.225502 4.448826 141.073196 64.765442 239.341568
000875 0.014011 12.325315 185.997864 46.687874 247.758026
000875 0.011445 27.070412 195.414688 68.936714 240.671921
000884 0.018468 380.304749 1.000000 498.181152 118.329361
000913 0.025392 1.000000 1.000000 303.123383 295.730835
000957 0.006168 178.976212 60.937355 313.585083 240.409302
000957 0.025278 141.945190 89.267662 284.462555 286.432800
000957 0.069635 167.225464 187.116760 325.407440 341.670593
000957 0.017109 143.041382 224.701660 282.396851 365.417419
000957 0.593256 149.046295 31.365997 348.948761 351.222473
000978 0.028302 3.267889 214.959045 40.699120 375.000000
000978 0.013341 1.000000 66.823425 51.492081 318.442291
000978 0.013218 56.523762 155.006241 158.270065 319.843018
000978 0.700411 5.438421 160.146988 59.794266 363.301758
000978 0.259526 1.000000 235.712723 429.508545 375.000000
000978 0.012229 103.774094 287.066437 476.760986 373.120148
000986 0.005552 17.468571 101.223076 90.834137 154.826294
000986 0.006827 144.101990 111.659317 216.062469 151.504440
000986 0.007767 208.718384 74.569061 266.512390 172.893036
000986 0.007961 294.174622 93.525894 371.390442 149.884384
000986 0.012149 8.403526 137.429794 38.030766 187.286392
000986 0.016625 136.481171 122.196518 206.017822 206.145035
000986 0.007678 223.003998 95.262177 285.648895 208.150208
000986 0.006297 245.492142 123.369247 317.478516 206.861191
000986 0.006598 456.144714 132.305817 498.092529 212.606049
000986 0.013899 6.164433 114.093674 115.499115 209.418167
000986 0.198247 62.268414 124.267075 185.707397 213.249344
000986 0.009424 287.055664 126.484932 441.383240 207.359314
000986 0.602549 152.522705 133.004578 279.425201 267.133240
000986 0.015491 250.461655 144.607727 336.234039 266.981140
000986 0.033774 264.393829 178.142654 373.797760 287.578674
001006 0.005162 195.138657 154.236633 326.479004 245.484314
001006 0.008845 335.301575 203.733444 487.795837 327.905426
001013 0.005647 1.183580 218.040344 42.361786 281.262207
001013 0.015120 80.670891 232.388306 119.888145 278.362030
001013 0.006256 120.935486 231.032913 152.050262 252.268936
001013 0.023227 172.488373 222.312057 195.960724 246.053421
001013 0.006208 190.189392 222.677078 224.553741 258.051331
001013 0.034361 421.208496 209.959030 487.012268 282.629272
001013 0.010064 469.002899 194.018524 495.727814 293.113708
001013 0.231291 22.803415 228.776245 65.452324 302.662292
001013 0.006816 418.704926 233.273514 485.016022 316.338745
001013 0.031919 324.423706 186.852417 476.694885 313.346008
001013 0.024563 404.982880 186.673447 500.000000 311.482788
001013 0.960028 212.728928 14.880295 500.000000 333.000000
001013 0.005496 293.540649 122.845200 492.390015 333.000000
001013 0.007999 25.377823 16.665863 410.454773 326.487152
001026 0.086386 77.174217 229.614807 321.557617 413.695862
001032 0.007026 107.488571 1.000000 500.000000 375.000000
001044 0.721344 20.683899 40.490795 147.644104 128.533066
001044 0.006018 205.418335 44.581581 345.046204 129.725861
001063 0.024716 367.321777 203.569183 480.000000 316.394257
001063 0.809622 1.000000 152.828064 480.000000 314.178162
001063 0.233511 216.682251 173.495499 478.410706 318.000000
001088 0.037015 1.000000 1.000000 334.401917 375.000000
001095 0.068651 60.047806 166.752411 358.057434 352.581146
001100 0.011310 482.460297 105.305817 500.000000 199.497498
001103 0.016353 135.087677 115.080765 323.410156 375.000000
001114 0.006777 373.572540 206.240860 408.749786 287.522797
001114 0.010937 208.400085 110.356750 309.467651 289.676788
001114 0.960068 210.256958 103.964752 398.409668 314.455597
001120 0.138277 16.243984 122.452057 46.193417 150.658112
001120 0.048800 119.885551 163.291672 179.066757 199.401627
001120 0.051009 402.768677 204.429688 467.012939 255.424164
001146 0.007143 43.433777 22.491844 132.232864 256.454620
001165 0.007464 105.878960 251.612183 123.208122 273.725586
001180 0.008391 66.306732 154.174347 326.229645 491.036041
001183 0.055793 106.718773 193.127319 152.191559 268.531372
001183 0.719880 79.931190 154.608551 182.503723 292.237457
001183 0.923842 147.943024 126.757820 349.443542 348.115265
001243 0.010694 8.794434 1.000000 308.000000 110.653267
001245 0.077471 8.122198 143.313309 41.458031 220.450150
001245 0.033584 48.300385 155.752792 71.127716 191.449936
001245 0.096802 189.300735 151.118286 239.714279 212.063507
001245 0.008405 225.480042 152.183441 274.730103 219.260529
001245 0.093723 163.768158 143.662033 275.340179 240.467636
001245 0.825981 221.335449 105.069405 358.121155 255.295166
001256 0.007134 402.630463 205.395706 486.317047 330.953125
001278 0.022532 306.965759 1.000000 494.024475 372.417847
001278 0.064513 24.329254 14.862091 470.051422 346.111267
001300 0.006628 187.360580 243.341721 226.653061 337.774353
001300 0.007203 142.991959 174.383881 246.867538 400.005280
001300 0.888610 84.720955 98.383057 259.036621 463.154663
001307 0.019286 476.725006 111.607605 500.000000 283.567627
001317 0.295201 17.397560 16.208885 155.547943 261.083801
001320 0.012756 3.490223 180.123367 11.063482 295.364655
001320 0.007028 486.506653 215.024109 497.258789 254.838470
001320 0.005028 198.832214 79.002426 330.083984 243.788010
001320 0.872007 167.712189 95.518066 404.193024 292.611420
001366 0.005966 68.862793 195.687363 119.745850 327.034485
001366 0.005319 255.480743 130.104736 333.773529 277.291473
001366 0.012638 286.332947 137.573654 375.420776 323.171570
001389 0.005559 465.732605 91.780579 498.066284 154.849014
001398 0.970560 18.910454 15.301880 250.000000 174.405975
001412 0.006454 184.358582 114.941177 223.876495 215.128647
001412 0.011129 208.377045 82.171425 298.029053 279.385956
001412 0.120206 166.430725 100.212250 257.224121 289.753357
001412 0.005374 296.331696 131.069977 408.763519 260.034241
001412 0.939112 174.315445 112.355515 398.708435 283.614990
001417 0.052399 333.967346 108.381027 456.041626 199.256973
001417 0.007076 329.583527 129.191376 449.438385 264.914093
001417 0.916364 91.595642 73.085297 375.532562 374.159973
001452 0.005899 155.171341 235.451813 217.405594 331.935822
001452 0.080338 132.657272 186.781921 232.184189 374.075989
001452 0.872630 94.303993 225.263031 236.581970 500.000000
001452 0.005407 67.799522 157.279266 309.936951 338.865967
001471 0.008760 163.232666 131.409073 310.908173 403.689758
001508 0.011522 296.330933 259.861145 375.000000 475.313293
001508 0.832947 103.937378 247.217255 375.000000 495.868073
001574 0.616292 20.053947 125.540253 219.432159 500.000000
001584 0.800606 202.198669 1.000000 447.594971 370.402771
001584 0.006303 371.691040 71.212112 500.000000 375.000000
001589 0.006199 348.587097 116.264694 450.685303 323.000000
001589 0.673505 36.668953 1.000000 244.019135 323.000000
001592 0.005681 1.000000 53.751045 238.481079 243.072479
001624 0.022700 173.540237 140.236511 242.307999 198.347839
001624 0.924912 169.612427 122.856194 402.894836 273.242889
001625 0.082199 140.006668 179.717438 258.772888 257.389496
001635 0.016585 475.920624 130.951492 496.029449 160.431870
001635 0.026527 102.379616 139.706390 122.974236 172.812866
001635 0.065015 122.959885 137.898682 148.149551 172.228149
001635 0.008248 268.104584 138.486099 289.101349 167.567398
001635 0.007066 303.833862 136.859436 325.707153 167.463501
001635 0.326142 462.618317 137.898346 496.380096 174.781921
001641 0.007629 485.948700 73.656288 500.000000 227.416809
001641 0.058262 361.491302 28.452885 461.171295 144.667969
001641 0.005672 4.066811 77.446785 96.294479 244.907043
001641 0.462214 1.000000 101.116699 103.397446 370.450348
001641 0.009385 4.157091 128.743210 57.200851 375.000000
001655 0.013376 58.804581 1.000000 500.000000 365.767395
001668 0.005072 61.394318 137.866638 355.917511 298.910980
001671 0.005877 2.127747 17.755402 333.000000 422.274536
001692 0.005227 238.767822 108.217880 282.102051 159.539505
001692 0.014505 229.353714 95.259430 292.060577 180.917236
001692 0.909089 92.815239 50.210342 239.891602 213.418533
001692 0.008742 2.872604 69.723984 188.260559 201.673538
001697 0.673808 258.484680 218.572815 364.363403 284.054016
001697 0.013156 339.145691 253.206268 386.215942 280.278839
001703 0.113956 2.740688 76.382721 47.913288 165.152283
001703 0.085498 2.755772 103.118210 37.255199 199.388290
001703 0.011699 5.220820 121.910027 31.667393 278.807678
001703 0.053952 1.000000 68.014076 55.062569 252.562653
001703 0.005961 302.656738 35.753777 487.257935 272.512909
001703 0.015457 195.320908 40.810951 455.317688 225.443481
001703 0.943530 11.046753 43.941826 474.039215 298.802246
001748 0.231211 267.082916 215.703308 478.001862 315.021912
001764 0.100195 2.499405 100.594391 14.881021 147.326431
001764 0.037196 464.593231 98.914749 500.000000 149.497986
001764 0.005134 4.302462 93.928444 13.513567 285.961945
001769 0.036371 431.543762 219.549103 471.244141 305.401886
001769 0.011830 431.234070 246.085312 474.615173 349.669495
001769 0.017156 190.351852 171.709198 301.953583 360.648285
001769 0.060185 229.822678 149.458801 353.157349 364.665222
001769 0.020912 157.441452 220.851349 268.592957 369.230865
001769 0.024885 336.378967 222.991760 472.486023 372.358765
001769 0.018471 409.399628 229.041931 492.547211 372.820862
001769 0.112045 134.945801 75.941956 288.337097 370.557648
001769 0.830469 54.072906 109.514587 232.824921 375.000000
001769 0.786003 264.551025 127.796608 462.208008 373.940186
001769 0.020275 115.017075 66.145248 483.638184 375.000000
001776 0.058126 24.601471 91.745224 305.088013 317.577332
001794 0.009069 1.000000 119.028320 59.131424 201.333069
001794 0.835280 56.253006 71.096329 141.286636 300.478088
001802 0.078478 286.776947 171.471252 358.519684 235.019440
001802 0.006325 326.650452 163.348541 398.735046 244.822998
001802 0.006905 413.265045 168.479813 487.615875 262.234436
001802 0.008754 278.143250 150.261368 380.480530 249.974167
001819 0.060423 157.219604 75.395134 270.380035 309.669067
001819 0.916050 123.424240 106.123932 258.475098 458.548676
001823 0.807981 98.533920 133.571838 211.686447 363.178497
001839 0.021553 198.485504 152.155685 410.032867 284.938110
001839 0.702116 82.171684 166.099762 261.159851 338.021240
001850 0.008933 469.480682 179.855621 500.000000 223.997742
001865 0.012232 186.859619 103.001587 341.594727 467.074036
001865 0.964162 3.640335 50.114319 314.641541 459.103333
001866 0.009441 62.023010 90.116470 384.809479 289.631287
001900 0.977697 92.213226 70.329773 366.920441 500.000000
001939 0.801114 16.227768 17.746719 408.913757 252.822433
001957 0.034192 431.662170 302.222107 500.000000 458.000000
001974 0.286183 273.886658 176.507431 393.227661 244.653183
002005 0.017461 85.684616 108.143394 262.853149 315.294037
002016 0.028411 218.983353 210.097610 292.402924 252.244064
002016 0.011234 182.109207 233.524414 236.045639 288.274597
002016 0.008395 6.155903 290.960297 41.643845 329.499054
002016 0.017751 47.942879 249.288986 86.269737 327.730927
002017 0.703186 130.950912 109.260338 427.488647 301.616516
002031 0.036263 8.024697 134.461349 35.115761 227.664993
002031 0.021740 7.277076 141.144775 23.772274 292.325134
002031 0.022853 5.710852 105.272743 53.108803 340.581696
002031 0.007727 49.400814 119.685867 120.140793 329.290100
002031 0.007156 23.496002 77.579880 157.558121 353.501709
002031 0.006916 86.895065 73.436615 346.315369 222.687622
002031 0.917497 77.631302 65.361481 422.457397 322.467346
002032 0.005078 9.372589 2.980591 439.264252 347.000000
002046 0.006782 294.518524 246.568207 325.503754 354.809235
002046 0.005735 322.533447 290.653442 363.824646 348.972290
002046 0.023686 288.678528 130.861511 413.476624 303.312012
002046 0.015684 125.090927 278.178040 258.949463 449.730835
002046 0.005781 160.108810 326.587402 284.590271 477.696106
002046 0.006132 244.134705 332.321136 374.838318 472.300079
002046 0.899445 273.819153 143.593170 454.000000 432.865692
002046 0.857997 1.000000 66.717545 296.242493 500.000000
002050 0.038720 46.408318 235.957581 195.553802 421.916077
002050 0.908024 1.000000 189.322342 238.336060 454.736450
002050 0.012907 29.086136 194.679291 332.000000 383.044891
002071 0.026876 300.142883 119.735886 356.645081 214.684769
002071 0.032469 349.630981 139.824127 382.146118 197.734924
002071 0.006829 487.992523 148.303131 497.107819 202.222473
002071 0.749788 80.274803 135.625748 129.581375 246.717606
002071 0.013313 150.391907 159.740707 202.057587 257.182617
002071 0.015215 289.404053 151.998489 356.797119 241.830826
002071 0.360118 340.151123 159.648834 405.541138 224.725891
002071 0.234015 371.384369 172.485641 416.282806 219.910080
002071 0.014748 427.132202 175.004654 470.740051 213.901627
002071 0.029253 490.731232 167.403702 500.000000 232.174210
002071 0.063172 164.147858 115.554596 270.046417 238.518829
002071 0.114357 139.399963 140.244644 236.225189 260.763824
002071 0.762678 166.410004 123.677917 338.490967 271.899078
002071 0.371913 257.729950 135.918152 389.499481 251.346283
002071 0.056163 302.680969 149.896729 414.184143 236.429565
002071 0.006125 186.209000 103.756668 465.618408 249.375015
002072 0.948688 76.376404 74.417145 390.717499 376.541382
002078 0.006681 458.949432 49.708881 499.798553 109.285614
002079 0.011886 1.000000 153.279083 21.408615 231.548553
002079 0.005456 6.853248 176.762680 21.918495 264.624268
002079 0.009941 1.085186 196.655106 103.405228 241.367172
002089 0.007551 1.000000 1.000000 279.532349 146.780701
002131 0.005653 93.218658 420.795105 122.974106 448.970215
002204 0.927511 85.979591 37.022285 241.298553 196.726959
002269 0.453864 67.454620 56.400002 218.888092 197.695129
002269 0.008170 7.243347 393.339966 319.304016 500.000000
002283 0.029975 39.830032 133.641891 153.271729 166.457962
002283 0.033923 91.079170 131.976593 181.777069 172.546173
002283 0.016267 480.869720 95.837418 494.711884 212.644363
002283 0.011412 343.216156 168.418732 393.811432 283.711273
002283 0.072950 375.960449 187.479004 433.149048 273.388275
002283 0.008802 352.263550 148.700134 448.524963 300.256775
002283 0.876864 253.506531 94.589142 401.791992 342.505890
002299 0.005947 1.000000 9.021835 437.734131 375.000000
002331 0.008331 196.674881 161.388733 300.264587 328.412415
002331 0.008360 147.371796 195.938232 265.819183 333.000000
002331 0.956189 121.683044 78.892349 283.295654 333.000000
002331 0.011557 194.931137 128.328186 481.799805 333.000000
002360 0.005930 159.164658 273.324402 216.656204 359.947388
002360 0.029409 78.819321 187.662796 164.845947 351.030884
002360 0.865678 100.081352 147.997818 258.033264 418.927673
002398 0.005294 62.320843 163.209534 174.929977 318.106995
002398 0.743627 70.230209 108.237732 232.539383 390.762451
002409 0.007157 432.765564 25.604126 473.823181 346.308563
002409 0.902608 96.869965 77.696365 415.357605 362.570984
002418 0.005106 392.007416 203.172302 436.514130 221.702637
002418 0.081213 415.554596 191.442444 474.992950 222.149323
002418 0.048645 483.714874 194.988007 499.170929 227.373779
002421 0.011618 5.266180 157.771637 17.002268 240.230377
002421 0.013769 475.930542 163.360260 493.252197 245.898254
002421 0.019711 372.626465 199.050568 430.442688 292.230164
002421 0.006286 483.488312 184.959351 496.092987 284.277161
002421 0.007660 16.760582 150.781372 175.211975 248.514618
002421 0.022419 206.150330 60.614586 366.967651 274.416840
002421 0.931264 132.569916 90.358681 428.652069 313.781860
002434 0.007841 111.001648 1.000000 463.416870 295.871338
002511 0.971126 88.886780 125.289932 403.410065 441.851013
002536 0.010244 25.339401 67.419586 239.408310 333.000000
002553 0.959411 43.469482 31.589569 466.839935 374.150177
002573 0.062961 264.843536 128.375641 309.474213 174.535614
002573 0.158229 78.443520 136.370605 128.172272 231.546906
002573 0.040117 251.886429 147.006409 312.717133 202.799133
002573 0.022019 426.601013 121.894257 470.415955 234.974609
002573 0.080121 469.477997 143.044891 498.919708 236.021667
002573 0.008737 43.416584 191.037720 85.652039 249.371796
002573 0.020797 310.427216 174.607971 361.740021 245.797638
002573 0.014718 332.988739 171.945740 391.091888 253.227631
002573 0.024798 367.790741 178.330139 428.487274 255.065796
002573 0.021276 406.284912 179.251495 483.572632 255.483917
002573 0.014524 232.193359 146.380096 348.236084 234.677002
002573 0.818885 310.582825 146.474136 418.526184 250.302719
002573 0.012230 431.686707 127.412048 500.000000 255.608612
002573 0.011204 16.138424 154.367981 116.333817 281.502930
002573 0.645685 55.441059 147.579300 148.009506 275.485535
002573 0.415782 87.734192 151.905548 189.209595 271.502167
002573 0.840278 129.045212 147.190552 285.606140 278.176147
002573 0.807958 365.483398 158.097504 500.000000 262.445312
002573 0.010554 26.631737 65.554230 168.888489 324.036377
002573 0.010706 322.111176 92.779816 490.029205 296.677979
002587 0.008708 361.403931 15.628937 500.000000 278.197540
002596 0.011240 115.051254 150.281219 160.694260 205.699249
002596 0.031208 124.744797 175.332428 158.428909 251.947601
002596 0.009712 308.455475 261.584808 329.100494 312.092377
002596 0.005097 406.183777 184.472305 332.000000 399.369202
002596 0.006613 101.894753 150.304291 179.555664 295.857086
002596 0.005109 136.739288 144.135605 215.961304 305.248108
002596 0.009858 121.493385 186.742737 265.502350 394.850891
002596 0.020478 42.478760 232.619476 143.568726 416.556976
002596 0.903826 46.285355 205.283707 307.425659 427.706665
002651 0.017939 24.555969 213.190201 165.933487 324.511169
002655 0.006407 1.000000 229.659607 34.661156 332.276978
002655 0.018917 469.037354 173.191010 480.000000 389.448395
002655 0.927537 75.639099 78.575943 428.492584 380.409607
002685 0.007200 13.915741 127.902969 124.239532 252.829453
002692 0.016683 229.137451 180.762802 299.813843 369.744385
002692 0.627746 295.174835 171.059708 388.589630 384.365967
002692 0.013549 197.222794 272.824341 285.655212 385.405273
002692 0.010882 268.208496 259.317749 376.574158 382.703308
002703 0.006301 421.383972 210.373260 463.952698 231.691895
002756 0.006962 88.642700 62.992737 211.398468 430.410858
002768 0.005574 260.603180 191.149628 374.657806 293.866058
002770 0.007031 472.922516 134.165039 493.555634 187.961823
002770 0.008386 466.759949 159.746826 494.381104 201.152130
002770 0.451048 65.598793 184.138092 178.227234 262.773468
002780 0.867839 248.902405 104.854660 476.979004 282.893188
002789 0.006551 456.168549 187.001282 491.888336 207.371063
002790 0.008566 81.044029 127.389664 211.534943 285.508911
002790 0.023371 266.823639 225.485855 356.245941 420.704407
002790 0.817779 115.978287 116.784805 322.676514 481.943665
002818 0.179592 8.648542 210.238464 50.028297 261.347900
002818 0.015005 23.840128 211.979492 66.419876 262.254150
002818 0.071367 124.713867 211.477417 159.711792 265.465088
002818 0.113058 77.394806 223.078629 116.180496 274.284729
002818 0.088826 144.358307 218.816040 182.059601 280.550568
002818 0.014886 2.598030 251.107330 20.724411 367.322235
002819 0.527069 441.796600 153.647598 480.000000 279.665680
002819 0.607626 418.722656 129.378342 480.000000 294.371155
002819 0.020436 408.217499 73.741135 480.000000 358.641174
002819 0.941232 65.133881 73.750359 410.586365 304.437073
002823 0.010378 140.744370 185.950836 441.857849 358.959076
002823 0.007882 101.202972 262.442963 477.571747 375.000000
002828 0.132733 364.898499 32.168674 388.000000 140.963928
002828 0.016579 371.817596 58.470001 386.298492 223.213135
002828 0.007120 308.467194 31.378857 388.000000 143.940811
002828 0.005839 13.314049 49.300224 89.665291 246.641113
002828 0.080883 347.861511 39.027710 387.363037 250.145142
002828 0.005599 292.152893 1.000000 388.000000 210.323822
002828 0.079348 31.095894 20.748749 186.125061 261.596680
002828 0.072281 248.596390 40.143097 377.630554 262.947083
002828 0.947059 35.665741 34.417084 358.812592 263.036896
002837 0.005208 57.694473 132.787827 125.035568 175.164261
002837 0.905469 173.793671 126.463394 350.479462 313.706360
002860 0.005843 414.141266 183.561371 478.440399 222.068451
002860 0.236865 307.034912 185.720352 474.079224 333.000000
002861 0.008240 54.623413 378.463257 333.000000 500.000000
002874 0.005849 196.606094 131.645935 500.000000 375.000000
002909 0.015345 165.791992 261.652496 214.121338 366.652496
002909 0.808931 96.173744 145.993851 211.448242 425.526672
002921 0.009240 181.178467 264.667786 228.918976 371.368225
002921 0.008616 84.990227 176.909515 178.791046 373.815399
002921 0.009472 148.264725 162.994431 234.178787 404.387268
002921 0.848527 102.379959 135.934280 217.771042 435.645264
002971 0.010257 403.660706 169.113617 495.687073 289.238098
002980 0.007560 301.462036 3.246122 482.000000 61.861877
003022 0.931466 152.572754 90.518883 480.580139 299.175812
003030 0.009471 473.146088 62.559746 497.518951 175.967072
003030 0.034228 462.321381 86.119385 496.069672 212.313873
003030 0.028925 480.606628 69.131836 500.000000 310.343719
003030 0.069710 456.475830 43.454285 497.165283 341.482513
003030 0.005303 407.426117 105.979080 497.963898 346.816528
003041 0.005445 28.068184 222.256119 68.032463 311.280396
003041 0.058081 279.966644 190.672516 308.342255 345.579376
003041 0.605748 4.712776 167.758682 87.666733 312.109253
003041 0.012778 266.450470 174.910873 318.000000 312.499756
003041 0.057291 246.721802 180.009796 308.927612 368.912445
003041 0.903925 69.029808 177.472046 297.656097 397.113037
003049 0.006234 364.088837 199.154785 443.889984 246.063232
003049 0.006305 332.783508 205.237137 480.130005 318.383667
003084 0.005890 308.410492 161.987625 348.099579 239.873947
003084 0.005163 300.472260 116.079124 424.856903 220.444611
003084 0.015616 80.694717 159.483841 195.642410 233.992050
003084 0.869118 175.929382 141.167557 328.428040 249.780014
003095 0.006850 129.467163 23.680435 374.000000 500.000000
003099 0.005782 433.361694 155.215668 498.204590 370.283722
003104 0.013770 23.227806 161.877151 80.079796 218.562454
003104 0.008876 3.752640 81.598038 62.068268 303.310913
003104 0.020412 2.723503 79.013260 133.295135 368.212708
003173 0.050021 3.228655 88.291176 39.501740 129.468033
003173 0.018873 184.163971 87.469749 231.448761 135.614319
003173 0.040948 306.592529 66.291969 320.000000 149.215240
003173 0.007929 190.180710 104.385696 228.517532 154.782974
003173 0.009269 215.257660 102.283615 246.737091 162.078720
003173 0.027956 127.836441 37.553940 232.021469 114.666260
003173 0.006018 1.000000 72.650604 41.597683 152.567337
003173 0.244045 105.974953 55.948067 218.873322 163.643311
003173 0.016922 173.572052 81.694107 241.613617 180.959915
003173 0.058977 221.764557 57.367622 291.606659 200.933014
003173 0.795189 31.503563 41.657814 242.974884 180.734253
003179 0.007940 339.143616 124.855270 466.658875 253.479446
003179 0.570413 230.463287 134.763519 485.002106 300.263397
003182 0.006051 409.915497 110.515747 490.948700 378.309448
003182 0.041200 27.548103 171.616882 246.724030 483.277405
003182 0.952504 1.000000 165.717148 454.234161 500.000000
003187 0.015467 487.755768 65.897179 500.000000 194.610321
003187 0.042412 482.237610 117.220291 498.398804 221.122391
003187 0.043303 479.352783 159.912323 497.751282 242.755127
003187 0.899124 28.152069 69.768761 374.993683 298.671600
003193 0.005667 141.573853 106.075134 209.672852 164.153442
003193 0.870977 147.575836 102.162582 382.510956 255.266373
003222 0.104061 27.596069 9.478317 392.901825 274.646851
003226 0.029886 71.442673 231.167786 280.008484 500.000000
003232 0.010392 13.079445 55.415436 109.944160 125.732666
003232 0.005021 223.421036 74.240433 289.823914 161.719986
003232 0.016268 250.582626 69.047882 314.848602 159.943237
003232 0.935461 31.415550 49.165306 261.360321 208.579163
003234 0.023709 265.084930 88.841736 476.411407 364.086700
003235 0.006794 143.466232 143.242813 252.697800 333.727356
003235 0.865466 109.523529 114.743729 249.683441 449.266357
003237 0.871099 112.142105 144.560867 248.945816 463.575256
003263 0.014620 21.851715 388.342590 156.591995 499.830078
003304 0.013500 81.477142 211.908157 174.800842 426.392517
003304 0.841879 95.906715 187.459488 240.059357 447.967163
003305 0.104079 77.013931 362.996735 371.000000 496.922394
003352 0.009977 7.310669 238.366440 195.598267 448.000000
003388 0.016610 350.646393 13.740746 459.806244 114.642342
003411 0.068193 35.684952 15.374817 500.000000 375.000000
003434 0.006026 212.375824 229.178070 500.000000 374.765289
003473 0.027919 122.062073 136.132339 177.240845 263.388000
003473 0.008152 132.994629 254.211639 222.750427 288.701324
003473 0.025652 112.151039 176.840942 208.435455 290.208771
003473 0.041568 207.236084 171.672363 442.939514 295.152740
003473 0.690037 145.641190 89.708557 459.532410 312.001892
003531 0.885327 36.646523 99.814941 146.908813 312.946960
003533 0.005645 342.298981 55.096256 388.852631 77.855461
003533 0.006416 385.555664 56.134094 417.376160 73.876114
003557 0.044705 195.587463 111.164177 257.160431 211.947296
003557 0.175250 180.576431 157.536713 249.043808 229.460968
003557 0.067120 212.851471 159.824234 266.890930 226.633316
003557 0.794639 177.048859 132.252716 278.254669 246.076233
003562 0.005128 305.073334 171.174728 365.567841 207.313126
003562 0.009388 487.462006 176.330673 497.078400 207.517197
003562 0.010618 492.097931 195.325836 499.432343 247.270813
003562 0.886745 276.684570 172.226105 400.853088 259.675659
003579 0.010483 127.746185 272.856171 180.966217 359.194794
003579 0.123977 97.417603 213.516479 201.444336 397.828247
003579 0.893751 62.171005 128.449265 210.550674 435.070190
003583 0.017262 6.660954 97.049446 28.928772 219.915253
003583 0.005794 28.877060 193.540726 78.019188 277.672546
003583 0.009888 3.780993 199.723221 22.647495 318.000000
003583 0.039161 1.000000 74.477173 63.521011 252.900818
003583 0.736398 1.000000 150.836395 106.507736 317.712738
003583 0.030916 1.000000 60.896835 88.099304 318.000000
003583 0.183740 152.938644 50.397797 317.699341 315.541168
003583 0.011833 1.000000 115.034973 172.457321 289.446503
003583 0.950466 58.370300 132.299820 401.908813 318.000000
003584 0.006866 310.473145 49.868774 320.000000 190.665909
003584 0.010709 314.930878 78.435242 320.000000 216.506104
003584 0.013843 96.639877 141.292236 133.883240 187.534637
003584 0.033786 111.161636 137.061310 154.131790 188.129517
003584 0.017162 142.501846 135.856064 181.056564 185.017502
003584 0.005009 158.319214 142.100082 196.006653 185.040390
003584 0.013874 78.284515 91.356613 148.486008 192.062454
003584 0.006637 140.361954 90.209488 213.767288 188.598801
003584 0.012879 254.945892 88.946198 317.673004 200.435638
003584 0.014188 291.386353 37.408699 317.129578 236.000000
003584 0.017173 104.462845 121.486488 170.049698 204.830902
003584 0.818256 92.429268 60.152573 218.917847 194.838791
003584 0.035468 42.454750 37.132454 229.934784 236.000000
003612 0.012333 475.024658 219.925217 499.152527 277.719086
003637 0.006617 88.382103 162.045593 256.566498 271.603790
003637 0.072107 1.000000 163.492950 287.021729 334.082703
003653 0.006031 484.091583 81.517586 500.000000 220.629761
003653 0.005584 447.754150 33.987152 499.735474 265.255707
003653 0.013565 382.904144 97.379349 500.000000 276.471741
003653 0.017307 45.184021 139.794617 144.809616 315.331512
003653 0.926205 59.406784 63.049820 500.000000 373.479553
003659 0.022321 229.287460 157.352188 283.979828 209.665421
003659 0.007131 373.504974 11.247162 500.000000 369.034912
003680 0.052007 427.346283 10.114380 475.427582 120.828918
003680 0.452682 435.921112 1.000000 500.000000 140.306793
003680 0.019052 53.152493 136.104462 156.285385 320.217529
003680 0.013147 180.639526 181.044022 331.398956 336.525574
003680 0.893917 43.053284 129.471588 406.064697 339.176147
003712 0.242900 114.500870 82.336426 454.749756 303.757965
003720 0.009324 209.439301 147.818268 373.781952 285.145264
003720 0.951426 243.522141 121.426025 492.783142 309.969177
003720 0.922540 12.464340 124.274910 334.901978 331.636078
003730 0.017505 334.176331 78.547928 384.056641 177.381790
003730 0.008247 293.503326 115.889664 359.837494 206.896866
003734 0.007692 346.945740 195.804718 379.000000 288.144379
003734 0.005055 355.807098 238.621826 379.000000 311.428040
003734 0.006341 249.220825 164.664444 365.746216 259.332611
003734 0.534508 277.701233 185.284470 375.438232 295.372253
003734 0.008311 193.455322 213.704117 330.606750 332.809937
003734 0.013737 105.843513 226.153534 268.594727 389.671539
003734 0.834636 76.080643 149.256454 310.962891 423.427734
003762 0.069187 193.140350 175.309631 249.789795 268.547150
003762 0.584852 202.698502 170.047272 308.533844 270.864594
003762 0.012234 243.876602 172.175507 316.868164 335.871857
003764 0.009148 312.791687 65.421783 320.000000 133.300110
003764 0.010905 92.293900 93.530022 131.083328 162.259247
003764 0.013352 177.808975 91.923988 207.179367 160.412384
003764 0.005259 299.449860 110.635986 317.450714 194.140564
003764 0.005359 89.338043 66.442764 151.487854 179.970413
003764 0.903545 91.787247 28.074791 195.718430 194.132355
003771 0.007103 23.331711 4.220116 310.710938 221.893036
003785 0.005133 180.431625 27.188858 470.605835 330.286560
003816 0.038260 9.099854 28.521637 281.604584 234.271118
003832 0.750807 80.501389 25.055298 342.006226 260.425598
003841 0.685412 320.844208 154.293243 500.000000 437.963959
003841 0.046751 1.000000 8.103653 479.777710 445.949402
003843 0.028699 142.639984 65.144455 444.798004 335.000000
003852 0.896655 61.724411 8.661728 498.273071 375.000000
003881 0.037035 171.819885 78.186607 247.960358 160.839417
003881 0.090298 162.863510 53.824562 263.867615 198.573883
003881 0.015885 131.406784 52.896385 283.896057 287.253510
003922 0.917629 70.635986 50.954895 416.228149 312.802948
003930 0.049508 147.389511 1.000000 441.055847 320.618073
003951 0.907535 47.476189 120.922180 300.911163 422.726135
003951 0.006281 26.899200 310.760681 365.955078 472.430481
003955 0.010712 139.602875 200.172623 191.303986 314.291626
003955 0.872432 134.206085 208.242661 273.968597 375.000000
003955 0.455573 259.997894 176.562988 462.291962 374.312805
003978 0.895413 34.234390 100.254639 426.860962 362.158264
003982 0.005512 356.317719 156.429459 383.444366 195.990616
003982 0.374967 132.676117 200.230316 163.227264 229.600555
003982 0.052401 145.292221 205.131088 184.265396 228.633102
003982 0.011202 192.176392 201.324600 227.680756 217.583939
003982 0.624482 254.368607 199.649872 298.026733 232.101898
003982 0.040269 311.814178 200.257767 339.434479 222.078720
003982 0.526348 346.450684 200.251999 389.394348 227.740768
003982 0.006592 379.028137 203.945831 405.162048 228.044830
003982 0.007442 130.213181 214.531067 164.434128 238.643860
003982 0.006424 339.984131 211.393051 386.981812 241.284592
004006 0.185553 296.159821 80.936188 353.665436 142.967712
004006 0.005611 476.917053 80.493179 499.648865 149.490036
004006 0.005945 252.865143 56.018803 396.361237 136.866516
004006 0.008145 158.570221 66.604980 250.452545 192.978851
004006 0.868013 60.785202 98.949944 309.853821 286.220947
004070 0.018706 6.701797 125.428024 110.999802 158.122360
004081 0.010900 168.805603 85.804787 380.654053 204.859924
004084 0.116864 4.101986 104.793365 36.013210 165.783142
004084 0.223188 186.515869 103.192436 287.988464 209.061646
004084 0.006451 65.595192 44.849854 222.161377 133.346039
004084 0.957435 73.001900 40.250511 290.660370 219.000000
004090 0.006228 484.107056 172.906006 499.297607 251.644043
004090 0.008997 478.358307 193.642761 495.766876 291.867737
004103 0.090102 105.180351 197.112579 137.152390 244.211029
004103 0.005235 15.839492 230.273956 43.124973 285.701813
004103 0.600424 188.118668 227.357147 227.690201 295.039093
004103 0.015863 186.517975 257.383057 224.396149 316.183533
004126 0.860462 93.437332 120.695679 192.262222 437.709595
004177 0.006338 7.294037 155.943481 108.049683 319.561798
004177 0.020275 1.000000 94.592300 124.599052 387.186768
004177 0.971027 87.289810 101.288269 421.035278 359.881622
004207 0.006998 20.075928 50.749557 408.147705 375.000000
004218 0.039940 326.241699 202.421616 487.840942 334.798584
004234 0.021503 1.184661 72.087395 23.500847 253.719788
004234 0.006910 487.246124 75.091339 500.000000 332.000000
004234 0.087364 427.044525 25.365173 500.000000 176.886749
004234 0.645328 1.000000 24.158920 60.835991 215.297455
004234 0.884281 147.277634 55.239822 336.119385 219.297409
004234 0.435844 415.120789 42.147743 500.000000 293.205780
004234 0.035530 3.331041 1.000000 61.348373 332.000000
004266 0.028215 157.121094 65.277069 252.441925 99.709473
004266 0.006925 410.787842 31.399063 499.805298 202.825684
004266 0.027759 395.102783 87.528885 494.459595 281.141418
004266 0.008795 447.981140 30.994781 497.988281 330.320007
004266 0.963734 53.011490 72.716362 462.291382 314.440399
004294 0.930164 144.284546 125.967560 435.855225 311.427185
004301 0.928532 77.856461 78.774826 310.987366 452.329163
004309 0.005624 482.019928 124.467697 500.000000 375.000000
004309 0.007959 292.836121 164.822235 430.835938 369.084503
004309 0.022139 383.873962 160.603180 498.632629 368.642731
004309 0.005329 461.019958 110.044891 500.000000 375.000000
004309 0.012083 208.741699 223.679474 373.067139 364.393097
004309 0.422243 327.629242 232.674255 485.271454 375.000000
004309 0.023287 178.085571 84.155746 320.252808 375.000000
004309 0.942578 76.159821 156.880783 429.098755 367.145935
004334 0.070467 42.190674 131.501846 330.945160 489.792297
004357 0.046622 422.095764 265.310059 494.402710 321.180115
004357 0.259178 278.165955 251.802185 373.263000 349.886108
004357 0.007381 430.802460 248.642548 500.000000 339.615448
004375 0.005003 350.370209 144.492188 394.713959 187.479095
004375 0.082202 110.753662 168.949280 176.980316 225.245331
004378 0.008269 9.644287 266.433014 231.556793 485.251312
004381 0.006206 6.590431 133.783615 25.692913 212.423904
004381 0.014989 10.941658 141.419189 96.102707 199.063202
004381 0.012319 1.000000 123.693893 116.453796 226.222488
004381 0.066613 4.880341 131.180725 186.696945 278.636169
004381 0.899258 66.105606 61.006233 424.327271 314.530640
004399 0.006405 161.884689 123.839645 217.208755 234.236374
004407 0.962661 15.233704 38.804230 304.282532 484.147736
004410 0.016467 1.000000 157.760468 448.539062 375.000000
004445 0.011687 461.611908 217.156586 500.000000 305.083221
004445 0.007896 37.945599 121.967781 157.633865 255.110016
004445 0.018758 441.050110 140.805084 500.000000 302.732117
004492 0.034144 12.166809 43.111893 357.040039 375.000000
004522 0.026085 250.758774 188.675964 325.096954 265.916534
004522 0.006162 289.868164 198.203949 348.443604 253.328918
004522 0.017549 321.578491 226.406891 414.034607 307.548492
004522 0.839857 238.105835 192.698563 397.823486 313.428680
004536 0.377112 105.104950 166.874573 445.350189 263.015900
004538 0.011187 349.447357 185.548981 413.981232 262.154114
004538 0.010298 332.671356 156.455368 438.390900 280.745087
004538 0.017700 154.392563 62.994499 403.983948 239.141846
004538 0.883659 49.879730 93.212059 433.618256 296.223297
004545 0.009528 468.436035 130.236816 498.286621 183.421204
004545 0.007683 204.000763 119.788803 305.788544 344.609741
004545 0.005545 358.109711 148.866638 442.579437 321.330963
004545 0.616093 141.692749 215.587906 206.563385 359.795837
004545 0.905528 210.044952 71.120529 428.870026 362.548340
004561 0.006558 375.397919 269.152649 446.444122 344.401550
004561 0.012777 356.087952 299.495544 464.367004 375.000000
004561 0.009750 151.129852 230.036224 287.122864 375.000000
004561 0.573083 255.164154 273.526917 459.991669 368.323303
004561 0.026225 45.599091 292.272369 300.323975 372.977631
004561 0.898680 4.673401 284.563995 485.509125 375.000000
004561 0.010023 26.449432 247.974609 477.014221 375.000000
004564 0.010201 99.866486 281.988159 136.921066 379.294312
004564 0.014840 86.812744 210.760040 167.910324 431.280731
004564 0.736442 99.835594 142.225281 247.063538 454.650024
004589 0.044294 463.867554 101.892227 480.000000 249.139175
004589 0.005197 173.542358 51.151421 379.806885 251.858948
004589 0.967540 66.607635 48.755020 414.123840 314.540039
004610 0.019968 6.373753 149.330185 47.023026 255.570389
004610 0.013720 401.676819 33.347542 500.000000 231.474670
004610 0.020305 2.116470 121.579109 67.251930 275.645538
004613 0.013511 5.879776 173.462296 274.087158 357.404602
004629 0.006164 299.664185 114.462433 331.184937 217.521912
004629 0.061953 34.246922 160.942047 82.120636 241.870483
004629 0.016262 471.309479 161.812607 494.796722 222.216721
004629 0.019343 173.926102 90.445778 264.898987 236.130188
004629 0.880222 47.056961 109.977417 221.535904 272.408997
004629 0.840136 185.452713 108.221863 317.936401 272.389679
004629 0.205922 319.870361 110.628143 394.871826 269.533722
004629 0.620418 365.781708 121.659424 443.463226 264.511017
004629 0.029504 386.116455 140.642151 486.536133 257.492554
004635 0.025542 3.930283 125.037163 29.775042 186.073914
004642 0.199767 80.448532 59.773117 475.534058 322.667175
004646 0.011079 167.611618 190.957153 221.044205 279.939728
004669 0.010607 149.807968 188.640961 220.394760 242.938629
004670 0.008512 184.823059 182.967743 224.936401 231.058868
004678 0.008128 3.579453 51.352478 443.715576 324.021759
004681 0.005892 3.389013 201.830460 13.083033 274.565125
004696 0.026026 170.743683 96.048660 308.643433 205.080826
004696 0.044293 72.658455 127.696892 205.409088 250.676117
004696 0.007853 1.000000 174.536041 93.313942 283.423126
004749 0.018500 310.236176 55.130096 320.000000 227.205963
004749 0.013003 258.763702 77.795502 315.889984 209.912506
004749 0.103982 297.595276 18.771393 320.000000 233.000000
004749 0.014163 201.873932 129.490509 276.928009 204.179535
004749 0.961674 75.737572 42.842247 215.509857 227.646271
004749 0.008601 206.861710 50.476601 316.324951 233.000000
004756 0.006280 89.215363 146.210510 124.399567 202.534271
004756 0.007535 107.059883 145.040802 142.096191 199.067444
004756 0.005318 233.596512 103.189697 284.601929 206.178528
004756 0.029432 85.560928 170.173752 119.221069 230.276016
004756 0.013504 101.501297 167.595032 145.807007 223.779327
004756 0.006728 40.743458 101.650360 158.553482 232.666748
004756 0.835268 199.875122 117.029869 329.463135 259.963806
004775 0.009799 65.072754 1.000000 482.043762 326.384766
004798 0.404871 69.210861 26.374023 479.201843 332.244751
004803 0.006269 181.951553 114.047615 245.969406 204.809662
004803 0.876408 132.524490 96.104774 292.947083 297.920868
004804 0.088303 153.557724 67.730324 228.308273 197.975677
004804 0.010283 187.284302 66.007568 254.475739 196.647156
004804 0.177920 46.543865 122.902870 155.932327 256.229706
004804 0.006076 127.808159 39.324348 262.864838 238.265747
004804 0.618878 43.641289 76.479164 221.170715 267.387909
004804 0.005908 4.377014 43.492798 266.457367 347.480591
004807 0.096624 120.402176 18.336029 396.117981 365.984985
004847 0.076077 31.039574 168.863708 113.160271 298.787323
004865 0.035815 4.318898 109.285477 19.892391 187.895706
004865 0.009070 24.080229 129.861282 64.591690 179.746902
004865 0.005236 3.888556 101.111549 17.255569 260.297546
004865 0.020428 1.000000 67.607079 55.627525 245.541321
004865 0.878704 19.635117 48.579643 420.203796 279.701447
004874 0.010089 488.738251 126.222588 500.000000 242.702332
004874 0.008678 159.544189 90.059486 271.558411 207.122925
004874 0.913816 57.434891 105.540268 321.374329 268.485229
004899 0.018309 1.451317 12.004715 205.435577 333.000000
004932 0.930453 59.964409 52.930214 249.559113 206.428589
004949 0.006390 147.925751 301.061951 374.000000 500.000000
004957 0.005923 142.769363 151.598434 282.001770 308.917847
004957 0.005157 135.499237 186.485535 234.097351 342.106995
004957 0.014037 306.257660 34.706543 495.298187 346.452484
004957 0.939171 125.754974 23.909958 478.079926 361.012817
004970 0.005427 99.142464 232.173553 244.130310 391.228546
004970 0.011756 254.257965 244.039795 413.758087 385.344971
004970 0.157450 197.898041 66.157257 472.795197 399.503937
004970 0.009384 4.126740 227.008682 286.978363 400.000000
004970 0.940285 17.282852 33.725830 347.424500 392.759583
004971 0.005114 106.884491 220.076721 410.131927 363.396179
004980 0.006885 160.857666 172.519211 178.638947 193.684738
004980 0.013125 18.211746 192.506149 31.386223 229.680618
004980 0.230598 20.468807 196.925858 73.584366 236.854355
004980 0.063140 90.911987 200.176636 128.538361 232.336914
004980 0.015378 121.488998 191.621140 148.901688 217.853348
004980 0.030362 153.044586 180.417801 167.985901 205.306351
004980 0.005890 303.806000 188.603531 335.102509 210.298386
005053 0.020597 24.869068 141.352402 79.287949 208.663437
005053 0.748895 167.467010 122.953735 222.311157 217.935150
005053 0.806408 262.482849 127.051178 331.424988 213.590942
005115 0.006116 9.849373 25.179916 187.908508 359.306641
005132 0.012234 218.450104 94.261902 359.397858 247.883118
005132 0.005263 73.112785 141.358475 213.994080 280.831848
005132 0.935448 83.610458 97.700310 355.878967 286.246063
005139 0.007695 161.532623 56.530006 207.247620 116.866844
005139 0.007459 344.893188 122.530861 385.718140 160.935959
005139 0.008783 332.086060 112.209091 411.799377 245.031845
005139 0.919606 155.822357 120.925095 359.736298 277.878418
005139 0.011844 376.014801 132.629303 484.089264 259.717834
005141 0.038032 1.000000 178.418900 179.860107 328.208618
005157 0.006806 481.311829 75.144905 497.659851 138.919479
005182 0.005980 1.979628 65.111832 43.739151 106.577805
005182 0.007244 491.552246 84.636337 499.003662 171.948608
005182 0.007245 157.134399 137.423874 187.633423 205.747818
005182 0.031992 145.096878 96.773308 228.106186 259.524109
005182 0.890604 154.852066 83.849998 371.854736 271.884186
005184 0.017582 1.000000 1.000000 354.290955 338.162781
005198 0.039687 180.251801 143.872345 244.371704 224.067230
005198 0.010997 200.007706 151.909515 291.404388 223.610992
005198 0.072540 144.331818 106.384445 285.007751 221.155777
005198 0.813312 278.840332 68.502823 395.373596 231.143082
005299 0.018333 350.725830 10.223335 477.624634 264.656311
005299 0.013973 1.000000 2.363831 127.981369 307.582062
005299 0.568923 219.583771 2.051514 480.000000 318.000000
005299 0.884562 1.000000 40.368652 357.515686 318.000000
005334 0.948404 22.285156 130.664917 285.313293 497.454651
005335 0.005960 354.285553 194.318130 387.480499 210.190018
005335 0.029597 391.263885 195.174927 413.448151 213.603516
005335 0.102250 206.323532 209.720795 275.161499 263.007416
005335 0.019168 261.858154 206.848740 308.246948 238.191605
005335 0.058546 302.458435 209.187958 448.639526 315.821564
005342 0.007064 63.780411 134.953186 136.617798 234.915436
005342 0.006707 99.332443 185.375809 162.031387 271.611237
005342 0.007430 179.905151 161.398529 247.273529 296.826508
005342 0.008052 214.152588 174.193420 269.937134 304.235077
005342 0.711166 64.789925 146.462524 193.459381 301.343079
005342 0.771986 146.878937 136.919281 271.318970 304.609619
005342 0.009826 212.273392 136.391388 367.558899 311.438660
005342 0.006575 15.375946 131.206192 261.856262 278.442383
005342 0.946902 216.272278 104.276703 497.013733 312.000000
005347 0.005733 335.037781 151.819687 377.904846 244.244278
005347 0.011488 279.724274 193.151337 318.177582 271.716095
005347 0.124568 302.681885 177.582123 372.003662 276.922302
005347 0.005403 370.032837 205.970993 436.162292 268.339508
005347 0.009024 275.374481 231.810455 317.569916 305.107086
005347 0.042660 300.667236 228.026550 368.334167 302.730347
005347 0.013386 333.664490 236.936539 400.468384 299.776245
005347 0.006561 357.778107 240.870010 446.651154 301.323975
005347 0.026494 60.699623 124.216026 179.574097 313.000000
005347 0.231797 275.797302 206.751831 400.724182 312.180176
005361 0.013139 8.314987 105.006897 428.322388 462.781250
005386 0.014799 396.580872 1.000000 491.422852 375.000000
005409 0.006909 134.834763 170.800674 295.403015 310.787231
005409 0.982672 8.054016 13.887970 265.825287 334.000000
005409 0.034757 232.176682 54.595734 449.180969 314.496246
005456 0.022231 305.074677 62.809998 320.000000 143.448395
005456 0.005309 147.390366 106.036728 179.841934 156.166397
005456 0.007056 173.354874 107.520386 204.513412 162.637634
005456 0.007905 250.829041 92.684921 271.314209 174.217941
005456 0.039396 272.973389 96.403503 300.041809 169.066345
005456 0.117552 301.845703 80.986450 319.514404 185.508362
005456 0.017888 284.339386 44.955685 318.380646 171.681793
005456 0.005420 203.535599 80.740288 270.688354 190.016571
005456 0.055244 233.970947 83.647964 296.445129 187.961105
005456 0.721593 262.929443 73.217026 318.078186 196.831070
005456 0.872800 102.483109 31.198433 208.471024 202.979492
005505 0.042190 42.648727 127.121063 155.881561 308.063019
005505 0.009081 34.855827 81.314583 232.829773 325.000000
005505 0.920518 70.084488 75.604980 495.212891 325.000000
005513 0.011221 1.000000 71.925972 78.348038 125.653969
005513 0.982219 76.114952 48.184853 301.659241 212.000000
005529 0.005815 198.516708 170.685013 243.208206 192.317459
005529 0.006934 224.357544 166.519684 263.838989 192.943665
005529 0.712827 242.413208 152.450043 367.003174 196.837830
005564 0.013622 244.387466 4.597153 329.850220 194.154358
005564 0.041711 112.009499 130.157578 202.820221 353.889832
005564 0.883322 33.924271 45.080612 219.527664 425.840393
005572 0.965522 130.606827 78.429886 456.174622 434.976440
005610 0.019623 218.723999 153.056549 337.797058 314.134766
005610 0.915056 64.312134 120.376015 340.689331 353.912048
005617 0.006631 225.859894 150.120544 340.215790 268.375946
005677 0.006891 83.612656 265.809143 130.286453 322.426392
005677 0.011901 1.000000 186.539673 108.987701 339.702942
005677 0.011506 3.066597 65.818924 200.802917 357.000000
005677 0.510045 87.952835 64.075165 263.452332 353.391907
005677 0.913213 149.162964 71.732849 343.416290 349.083313
005677 0.077104 68.891739 16.407059 433.504150 357.000000
005708 0.005223 1.000000 79.773308 13.630634 291.195679
005722 0.006215 8.886471 125.112770 106.626999 266.950867
005722 0.189042 163.632492 139.390808 326.725830 366.351501
005722 0.934369 46.456161 158.229065 405.064575 373.379944
005733 0.023738 3.417791 99.645348 23.789492 215.895020
005733 0.939038 172.964172 96.124634 427.021545 267.793121
005822 0.010154 115.085052 221.811966 232.415466 427.994141
005822 0.035536 73.504593 108.339920 261.147766 458.523315
005822 0.068073 182.833923 180.284927 409.037964 491.385925
005822 0.909811 75.853439 31.883743 491.000000 486.513855
005890 0.005713 299.379791 134.072800 317.646210 163.159958
005890 0.021144 1.000000 99.449783 34.282433 212.000000
005890 0.872694 84.680740 88.649651 191.366409 212.000000
005944 0.006619 315.003632 68.979721 320.000000 148.629578
005944 0.036128 105.608391 45.105675 208.894165 157.423218
005944 0.918430 66.661736 51.803360 266.286896 201.071793
005967 0.952146 91.215393 29.928703 211.508057 201.000916
005973 0.009106 132.289307 141.817383 187.377167 219.795837
005973 0.013486 141.766846 166.346756 179.507599 252.952011
005973 0.027288 158.610062 169.822357 192.579025 255.467163
005973 0.217719 118.922302 134.621063 206.134918 293.326630
005973 0.005108 65.881287 149.704941 161.078735 351.226929
005973 0.454330 141.184067 147.326172 217.607468 368.896667
005973 0.024495 11.973167 112.452805 143.587433 467.292236
005973 0.085815 96.059525 131.206772 217.028427 441.467773
005973 0.292465 163.148590 163.041779 290.528290 436.137543
005973 0.016317 56.157776 108.129868 375.000000 475.189697
006002 0.028274 63.985992 83.784218 494.538727 312.408386
006021 0.015478 54.486771 36.836823 233.564743 175.216614
006039 0.368906 183.188141 50.285751 369.429047 178.156891
006050 0.022511 21.454750 1.000000 219.672638 338.337708
006059 0.006880 237.331512 179.884659 375.000000 301.623962
006060 0.007367 53.712280 41.705704 500.000000 320.131104
006085 0.009574 415.457947 28.089361 481.037109 53.554749
006085 0.141465 306.901550 52.103992 475.884949 178.043488
006102 0.016120 490.697510 39.705750 500.000000 259.668427
006102 0.636568 162.591980 146.865479 318.375153 250.440582
006102 0.014914 170.729599 200.556610 321.041382 315.848053
006102 0.006957 13.518822 46.070984 177.580139 334.542847
006102 0.042367 160.610168 108.938889 332.198822 339.783325
006102 0.022961 159.968643 96.624634 488.270081 278.705841
006102 0.011448 36.718277 4.664597 467.280701 375.000000
006106 0.005830 378.200470 158.110367 500.000000 358.708862
006106 0.906460 1.000000 112.624023 261.734528 373.152924
006106 0.008840 179.238770 90.597015 396.349365 357.066986
006106 0.896197 315.104523 61.742599 493.092316 375.000000
006122 0.011730 456.864288 112.098969 491.878021 197.046600
006122 0.005083 406.406006 82.521889 493.501892 194.591492
006122 0.036650 116.890610 124.660057 220.581558 287.498688
006122 0.015752 158.293503 110.126198 269.895325 295.976471
006122 0.835476 159.061371 53.373306 344.871979 328.115479
006143 0.005719 104.826195 192.794083 157.179947 257.156006
006143 0.017269 7.763496 166.867035 166.543793 273.383026
006143 0.036525 51.277260 209.541992 151.886139 365.647034
006143 0.784140 102.053757 196.357422 247.474655 369.253357
006143 0.008844 95.502106 215.700882 298.157990 495.157104
006207 0.006020 38.425114 43.079193 144.203979 214.782608
006207 0.033535 105.682983 47.027351 372.658051 205.161652
006207 0.920835 23.937302 45.087723 397.390442 322.015991
006227 0.008909 85.909599 71.678886 223.693634 130.553925
006237 0.006973 57.484016 66.568321 95.683983 144.604034
006237 0.088236 55.554161 80.726440 106.975273 176.604782
006237 0.079246 53.568012 74.446487 144.148254 205.542374
006361 0.006536 203.661911 84.226059 248.192459 163.400436
006361 0.859137 191.893005 110.487839 261.869263 205.793076
006361 0.006652 482.514252 92.464050 497.657074 229.209503
006361 0.016276 354.440674 86.190994 439.686218 233.350266
006361 0.849139 297.063934 121.762253 452.423798 273.295105
006364 0.018279 28.891899 149.273895 160.462433 286.474854
006364 0.015160 217.784607 134.210098 441.909485 344.000000
006364 0.946619 19.337158 151.998993 500.000000 344.000000
006365 0.009159 334.500580 126.536362 408.446869 181.834824
006365 0.005562 307.634125 126.430008 448.860138 207.630112
006365 0.023990 254.482513 136.233337 400.538727 277.716949
006365 0.913458 58.498535 65.801521 440.962189 297.052490
006368 0.708442 65.977280 67.612343 418.307617 298.079559
006401 0.022408 48.615322 178.259674 78.018379 240.838257
006401 0.022944 81.957939 189.059814 109.825783 235.905914
006401 0.013052 125.100037 177.141968 154.047668 230.315582
006401 0.012739 151.856415 177.051376 184.602570 231.738144
006401 0.006757 5.566762 205.886734 13.906099 257.637390
006401 0.614199 41.145546 200.073181 82.596153 262.161743
006401 0.388656 78.978943 205.773056 113.099823 255.745987
006401 0.642648 112.428299 199.470245 167.359207 261.862640
006401 0.715917 132.149704 192.950470 198.982162 264.990906
006401 0.008045 187.754944 208.578491 230.564209 257.374573
006401 0.036002 290.096710 201.962509 363.364899 260.729401
006401 0.007276 85.428558 174.972961 190.504822 257.065491
006401 0.008049 17.710167 193.587204 104.627052 274.484772
006401 0.850903 265.974243 183.097733 401.137390 276.585022
006408 0.015897 435.707550 155.063065 499.608612 373.738037
006408 0.007969 398.243927 68.099030 500.000000 374.461548
006414 0.142439 455.247620 74.534225 500.000000 333.000000
006414 0.021074 317.913940 26.550980 495.840637 333.000000
006478 0.020479 307.121887 149.988739 353.294250 168.261047
006478 0.009113 480.296967 141.457672 492.228363 168.997467
006478 0.012551 155.022476 174.512558 191.154465 200.043472
006478 0.040673 207.926437 171.624374 231.253098 197.630020
006478 0.015619 322.614929 173.419128 353.248230 194.137604
006478 0.092489 384.148682 187.464111 419.161865 212.320862
006478 0.118896 411.879730 192.252136 458.602875 215.157684
006478 0.009405 326.009979 194.006378 356.143585 230.151520
006478 0.783536 332.023773 185.711853 389.827484 234.450439
006478 0.179566 383.198242 194.614639 427.257263 227.093185
006478 0.839790 395.428253 188.114655 470.244598 233.095520
006478 0.010605 481.770782 194.408890 491.410492 244.263321
006511 0.953165 21.713516 8.530289 466.138062 328.198547
006521 0.022769 224.343903 169.797913 283.812317 278.143127
006521 0.013458 202.262589 226.138321 237.133316 290.403656
006521 0.011039 262.360718 221.458969 298.094849 301.485626
006521 0.047329 226.318695 236.436356 273.916504 342.771851
006521 0.005879 257.399414 246.940689 299.146606 336.367462
006521 0.801066 213.098572 184.010895 288.409485 351.782990
006522 0.010781 210.283844 94.780182 290.737061 133.217682
006522 0.005341 485.414062 72.540939 496.701965 148.034088
006522 0.024272 2.648176 64.656815 53.065681 305.394714
006522 0.027220 30.980049 94.427963 150.259125 288.515625
006522 0.051123 32.893326 171.946259 144.481186 354.747101
006522 0.008409 1.000000 11.127060 126.052460 302.546387
006522 0.007829 39.240685 97.330688 234.165283 349.559753
006522 0.897327 54.360077 89.794983 500.000000 375.000000
006527 0.013554 70.467590 10.165375 455.120972 332.000000
006528 0.005778 162.911011 6.099228 500.000000 331.845581
006540 0.944280 81.141533 190.460266 271.487610 386.252991
006555 0.008204 240.413727 219.481445 408.635223 359.000000
006555 0.006418 1.000000 60.710846 205.010941 358.425018
006555 0.016157 177.600677 36.152924 483.232941 252.223480
006555 0.907752 21.592377 44.626389 483.247955 345.738037
006566 0.007213 16.682503 70.789261 201.947205 227.823563
006580 0.011046 89.611526 182.924362 113.273071 245.255630
006580 0.039701 125.135208 200.262421 150.732498 238.730591
006580 0.007107 164.706284 185.485901 206.753525 265.412933
006580 0.011058 1.000000 164.679718 13.116144 352.387421
006580 0.083049 81.657951 212.830093 117.827415 299.399841
006580 0.363555 103.196251 225.893417 192.427063 294.368439
006580 0.181067 174.658142 204.851532 224.488708 321.554352
006580 0.253556 1.000000 234.063843 32.172813 375.000000
006580 0.443185 2.169636 278.053375 51.091167 375.000000
006580 0.028341 11.633739 295.027344 86.424347 375.000000
006580 0.009847 75.648727 197.147247 195.323685 278.120483
006580 0.006153 8.062510 157.265259 57.838028 373.044922
006580 0.010798 13.107029 218.313354 87.835297 364.526367
006586 0.966436 52.385544 167.722961 442.638367 333.000000
006594 0.024837 58.684654 145.567886 214.744629 280.044189
006594 0.161806 9.569405 146.682846 262.975220 366.817261
006623 0.016437 272.977814 250.554321 310.618927 314.471436
006623 0.019689 302.817871 243.438293 329.443420 313.018738
006623 0.917824 159.184418 110.702530 271.933105 435.618469
006623 0.075279 9.610870 191.449615 190.733261 455.040070
006649 0.005121 473.826294 223.825867 496.784424 266.278687
006649 0.007854 155.718948 264.270203 193.404251 288.409546
006649 0.006836 191.107788 262.668488 234.848145 288.938812
006649 0.409114 295.621033 226.591217 369.324768 316.235565
006649 0.007138 327.287994 237.297607 378.907684 305.584351
006649 0.006142 329.736969 193.096054 483.154205 288.319977
006672 0.008394 264.733398 53.376610 318.269470 205.462799
006672 0.925360 78.010696 31.864708 194.350906 205.720734
006710 0.010819 4.092453 148.388870 102.136948 315.423401
006728 0.720478 122.005829 59.565582 482.372223 371.730194
006729 0.015090 1.000000 181.116013 375.997711 327.683228
006758 0.008597 483.880890 187.159988 500.000000 266.788300
006770 0.034447 466.843689 95.588493 499.509521 216.996704
006770 0.005056 146.202591 164.575989 210.760422 210.651581
006770 0.040166 181.307404 163.699493 227.479675 206.755310
006770 0.015692 226.456070 169.014404 282.878723 221.161713
006770 0.036710 254.280716 159.930908 339.328613 214.620239
006770 0.110863 458.469330 145.667130 499.811127 240.639542
006770 0.075562 221.319962 168.386154 273.297668 272.347656
006770 0.035145 75.888779 151.340179 194.122116 226.759735
006770 0.022131 445.901520 96.148872 500.000000 276.244293
006770 0.013744 154.492584 164.287842 274.557709 274.345734
006770 0.018187 202.849930 159.101456 306.277954 286.702637
006770 0.879743 221.203842 150.729675 381.042664 308.959778
006770 0.005639 399.678589 53.635513 498.597168 375.000000
006770 0.010663 105.083115 136.387039 400.221619 252.174759
006779 0.005937 3.632706 109.807022 174.901123 218.841965
006779 0.011306 308.303772 41.606918 487.298157 288.553772
006779 0.946525 33.734573 46.011375 458.717773 296.483307
006793 0.007718 123.336441 94.877563 150.591843 170.392639
006793 0.007146 141.675537 102.797821 174.936615 165.299774
006793 0.005972 183.678192 136.516098 233.640259 167.091354
006793 0.029506 5.864010 87.634201 66.719040 186.742661
006793 0.092353 27.030128 80.195786 98.192680 191.317642
006793 0.879591 112.041641 47.736465 177.650955 209.868103
006793 0.009120 194.576797 95.391212 278.208344 169.084503
006793 0.006653 166.739624 127.684822 255.592743 181.205887
006811 0.006316 241.711655 112.809479 273.531189 171.344147
006811 0.037294 212.174042 144.494080 268.016541 184.619263
006811 0.019467 236.889832 138.757782 275.879578 183.905823
006811 0.032891 306.618408 108.162201 320.000000 205.206940
006811 0.885840 122.015198 56.800102 193.306305 216.614929
006811 0.007782 181.706177 87.052689 247.410461 196.136826
006811 0.006552 196.768951 97.155670 275.737823 181.440125
006811 0.024837 265.922272 90.063217 312.859161 195.440506
006811 0.013020 284.233002 100.639053 320.000000 214.837204
006815 0.013570 205.460617 129.559174 430.049316 248.928680
006837 0.063196 29.744228 202.558075 64.170029 230.540619
006837 0.040605 14.115232 216.045914 38.317017 249.885300
006837 0.257924 26.669334 212.035233 65.732758 244.954666
006837 0.012734 90.074020 219.411392 108.908020 244.481033
006837 0.017062 207.806412 218.233459 237.586411 237.491852
006863 0.015026 26.424175 171.385513 76.456314 219.428665
006863 0.019334 465.761749 157.599365 498.054901 260.536163
006863 0.005704 477.709198 173.100037 500.000000 295.187958
006863 0.021084 156.664062 128.204529 285.455383 228.630890
006863 0.006494 402.685120 114.474731 479.971680 231.476196
006863 0.842732 371.543213 146.640305 500.000000 276.170593
006863 0.010024 258.190186 174.925537 399.039062 276.901398
006863 0.857792 151.731674 129.330261 419.213623 270.111816
006873 0.005727 1.000000 75.250465 60.631298 273.308685
006873 0.870162 68.535294 75.732834 405.413391 369.510315
006875 0.017234 166.366013 223.928833 209.431442 333.447693
006875 0.013706 205.543182 255.838654 244.157501 358.170868
006875 0.850549 143.047089 104.281403 258.215668 433.961029
006881 0.010293 45.903168 13.624176 484.833344 331.130768
006897 0.028188 327.489563 255.781067 459.077698 370.540527
006897 0.008557 308.965149 169.974838 475.855591 452.206665
006897 0.880645 79.338242 121.744766 396.043274 437.153748
006901 0.155773 115.689354 145.435440 213.373108 284.234253
006925 0.005179 272.454041 146.907349 481.031494 375.000000
006936 0.007821 8.468906 156.835464 110.932678 333.053528
006936 0.006672 106.068680 163.306915 193.258652 326.347595
006936 0.028363 209.471985 83.514450 354.835449 311.087158
006936 0.972927 126.142242 161.468689 399.129608 334.000000
006982 0.009246 212.086212 166.005402 242.955322 218.509827
006982 0.486311 217.035507 147.568359 276.529419 230.322479
007037 0.009416 4.950985 187.626770 110.902557 304.167267
007044 0.012552 155.021667 221.121307 211.562958 294.523895
007044 0.009732 53.677254 153.433105 154.033325 320.018158
007044 0.669414 116.198822 189.774109 209.153107 329.662537
007044 0.037722 177.384644 121.284561 305.188324 410.706665
007044 0.005397 21.947388 137.164093 206.114288 432.319183
007044 0.016525 115.477081 157.103668 259.577881 434.862823
007055 0.153220 487.642212 75.924301 500.000000 300.846375
007055 0.044728 467.315491 46.035492 500.000000 379.000000
007055 0.957623 55.976562 59.798340 437.806061 342.348572
007069 0.010154 98.485222 127.430824 186.364655 179.580566
007069 0.098402 372.612640 181.857758 438.302826 230.052917
007076 0.005864 460.161652 36.841091 497.813995 82.834549
007076 0.007397 462.707825 52.360481 496.581543 108.361397
007118 0.023726 249.373688 77.570084 338.776215 259.871887
007118 0.475969 36.946777 82.229332 359.059875 327.255920
007134 0.007138 407.890747 168.571899 451.730164 271.933929
007134 0.009775 465.137054 150.127396 480.000000 298.674438
007134 0.018308 340.614624 107.439957 436.390259 262.635864
007134 0.008897 422.216583 96.378426 480.000000 265.175568
007134 0.006977 289.666473 145.380478 415.285187 289.173340
007134 0.807195 379.965302 121.182755 477.854095 311.755920
007134 0.008313 305.977600 74.034607 472.452820 313.969543
007134 0.018421 124.406082 76.424980 419.919800 242.130035
007134 0.890151 28.842712 68.151077 399.172363 351.838562
007135 0.005692 4.402510 232.056213 26.344450 255.072540
007135 0.019672 40.801708 238.553101 71.074646 258.964355
007136 0.016431 314.311279 201.944519 480.753906 352.058228
007136 0.015344 24.769302 143.801575 396.234497 330.189636
007136 0.042040 28.146301 265.386261 488.609009 381.304474
007181 0.011182 97.361107 155.706085 329.511444 306.185150
007198 0.010815 465.450592 138.954941 500.000000 245.162613
007229 0.006134 289.880188 8.680347 298.548828 75.132446
007229 0.005547 292.674316 82.092728 299.988525 185.933334
007229 0.008406 1.649403 22.183067 32.306465 195.828369
007229 0.905113 12.945786 26.611885 273.910217 212.243896
007252 0.007212 48.164909 177.035065 219.444458 314.798431
007252 0.014681 185.265472 181.460815 323.221375 318.515747
007252 0.053618 28.356285 87.358047 222.720825 332.000000
007252 0.927023 200.170029 117.896103 487.428589 332.000000
007252 0.018041 1.000000 209.331955 287.700958 332.000000
007253 0.005666 223.126053 210.470062 298.182587 283.870850
007253 0.009750 138.596786 135.962570 228.878189 335.112732
007253 0.005606 83.739250 185.689606 184.702057 372.102692
007253 0.831978 103.004684 129.469971 219.178513 423.939819
007265 0.012371 1.000000 113.093109 111.070137 308.152435
007265 0.006004 142.250000 146.274231 292.400391 277.888611
007265 0.816088 49.883987 10.867401 380.252747 314.402130
007268 0.028770 123.368965 242.392639 341.798157 489.016907
007290 0.021612 272.279816 282.481720 323.208527 306.811493
007293 0.007012 3.647302 148.127441 17.133797 253.555267
007293 0.006623 81.503578 154.407837 124.660820 240.201294
007293 0.013403 485.713715 143.107971 497.127777 246.174713
007293 0.175320 1.000000 135.324539 121.530434 273.687378
007293 0.032595 46.331982 121.095726 153.704376 277.037048
007293 0.062432 236.185028 114.374596 402.426788 288.586792
007293 0.028672 142.078308 152.153595 284.889496 306.988586
007293 0.006137 229.676544 219.775223 337.287201 322.000000
007293 0.008914 1.000000 71.475937 138.389984 322.000000
007293 0.935407 49.976257 89.066185 387.706085 309.668732
007303 0.006805 186.639786 261.203552 225.085800 388.942810
007303 0.877589 107.096237 188.246567 207.121719 439.537109
007310 0.005644 97.171677 282.008362 160.673706 361.680786
007310 0.021406 174.409973 279.029236 233.171692 358.503845
007310 0.018368 206.333282 264.414246 247.555542 361.087097
007310 0.019321 145.623474 177.715790 248.987152 372.735565
007310 0.009637 185.428207 248.293060 277.404297 384.645844
007310 0.007490 80.758659 291.785553 184.284668 402.779327
007310 0.005207 67.222748 326.320374 191.496246 447.097107
007310 0.867765 96.172165 132.070480 240.480698 417.442932
007342 0.006185 153.570374 190.121094 194.310394 266.940033
007366 0.007858 65.078522 124.573959 182.923569 469.521973
007392 0.010006 135.118362 241.720276 180.615768 389.211548
007392 0.061737 148.628983 238.219147 244.156815 444.028656
007392 0.841747 107.919388 156.334137 230.963303 470.716827
007412 0.008034 23.908243 158.023804 85.784271 245.747986
007412 0.006291 13.429676 100.051765 108.744476 242.862061
007412 0.005810 1.000000 109.023994 62.479088 308.390442
007412 0.008431 68.932060 129.528275 199.047729 295.641602
007412 0.305768 5.434185 139.273163 117.423843 326.624512
007412 0.141242 14.737556 86.305031 181.239655 334.186371
007412 0.019452 167.713837 4.721809 485.011505 252.577942
007412 0.909167 6.795212 34.419937 439.034546 335.000000
007428 0.010240 293.596588 81.495850 308.000000 157.221268
007509 0.007283 3.043427 183.064117 31.937294 257.973846
007509 0.005386 9.924850 210.513092 33.949329 276.965851
007509 0.005820 33.076691 200.761383 63.921532 305.028809
007509 0.011517 20.614185 150.007553 93.802307 355.782166
007509 0.017775 99.802971 140.225372 221.759552 355.495911
007509 0.919981 13.881256 77.573883 254.053101 372.770691
007516 0.006132 46.835224 48.760902 137.447021 188.323853
007554 0.005125 150.034668 179.409225 184.725922 202.603226
007554 0.259515 419.503326 176.837646 467.603302 215.395905
007554 0.007675 482.266693 178.864685 494.995941 225.570709
007587 0.005337 57.563629 32.137192 322.571869 216.615112
007587 0.083859 66.075836 135.607834 440.851807 396.134705
007596 0.062771 60.308022 85.129074 199.316193 175.707748
007597 0.006447 33.971191 158.304535 95.560394 229.912659
007597 0.010743 9.455868 139.269180 103.325317 262.569763
007597 0.073620 2.750923 212.297348 88.540359 323.150970
007609 0.008983 84.926445 275.334595 244.444122 436.410278
007609 0.674014 36.801178 214.785660 306.692169 427.255737
007616 0.006378 480.094849 103.403236 500.000000 211.050385
007616 0.007970 368.154877 152.897049 432.370026 220.328537
007616 0.012405 476.905670 153.693848 500.000000 227.664154
007616 0.006508 484.904114 188.348282 500.000000 251.456345
007616 0.008412 2.772536 184.849335 11.202697 332.370819
007616 0.020532 332.060272 133.009262 477.190460 235.424637
007616 0.010810 1.000000 110.295067 52.767582 351.401031
007616 0.007049 377.319916 163.289124 497.394379 288.187469
007616 0.038652 5.624493 189.595184 107.817413 337.823944
007616 0.922292 82.444916 106.818169 420.508942 358.416229
007620 0.006894 250.904739 285.762268 305.669586 363.529724
007620 0.024047 280.102539 279.360962 318.000000 357.937317
007620 0.005253 175.008545 317.658356 226.446014 380.924591
007620 0.047899 217.399017 296.898132 261.236938 400.078125
007620 0.337536 270.227631 299.271240 317.583466 390.577148
007620 0.007929 287.773529 332.906189 314.783173 421.763977
007620 0.117911 242.737640 282.606232 316.007843 422.926300
007620 0.941728 94.758591 159.991119 249.666428 460.142426
007623 0.012801 307.033508 103.346825 319.363892 173.129761
007623 0.927795 102.841270 60.413261 221.682770 218.000000
007636 0.005971 141.236526 262.361298 183.269211 361.824371
007636 0.783405 106.884903 139.419891 227.659927 464.918488
007693 0.008689 1.787520 144.893250 21.735691 375.000000
007703 0.008853 120.957458 56.291042 249.569000 177.885559
007750 0.008895 305.840454 183.242279 391.000000 286.329376
007750 0.007526 110.549377 213.728485 216.550598 407.107880
007750 0.964043 99.922943 100.413757 301.616852 471.483337
007759 0.007994 36.513809 116.571152 83.035500 203.398758
007759 0.005339 27.912857 1.000000 398.054321 292.789917
007766 0.930453 68.029556 79.741577 397.726013 341.856934
007774 0.005087 142.241852 49.881077 203.905151 90.977036
007774 0.156478 470.909912 128.945389 500.000000 230.573959
007774 0.102299 452.283936 244.483154 500.000000 314.687134
007774 0.008137 238.802887 302.442566 344.097565 358.845703
007774 0.016947 1.000000 35.765785 119.573677 192.754761
007774 0.043439 271.473907 150.788025 392.249847 290.731964
007774 0.037725 452.810760 118.493698 500.000000 328.961609
007774 0.198673 240.631897 267.949890 413.858704 360.923096
007774 0.015625 317.065643 250.781921 495.965607 360.266724
007774 0.009571 437.724182 233.313599 500.000000 367.887024
007774 0.927449 6.689468 56.143234 366.449585 375.000000
007789 0.007414 160.452728 144.010452 186.559998 197.261398
007789 0.061000 242.655472 149.583359 267.203522 197.352432
007789 0.394239 128.037079 152.040833 170.135040 221.455048
007789 0.016208 156.067642 162.944305 187.373001 214.610077
007789 0.296442 184.483978 157.945251 220.450439 214.877106
007789 0.095935 229.292542 163.058334 255.815704 213.324631
007789 0.008983 265.003998 165.330658 294.914398 209.054657
007796 0.071550 23.022690 124.925522 499.976501 334.000000
007805 0.958755 114.050034 1.000000 365.376282 370.057129
007874 0.093202 108.383293 105.478790 241.354126 288.559692
007874 0.910970 105.846672 28.453613 330.562805 329.723541
007895 0.073459 329.806946 18.183121 500.000000 375.000000
007942 0.010238 56.853962 125.040993 145.884583 172.295959
007942 0.031537 99.452774 115.331772 163.813614 182.813400
007942 0.020431 101.798065 148.588669 163.867218 214.566818
007942 0.012223 146.288849 149.806061 202.220276 216.038513
007942 0.009892 20.437630 102.924057 189.554382 208.865707
007942 0.043193 158.897522 64.430801 257.783020 240.229385
007942 0.174460 100.256493 116.756622 240.770020 241.164490
007942 0.497258 30.231422 37.700432 246.994293 262.633881
007942 0.018090 1.000000 1.000000 309.647980 333.184998
007969 0.007905 51.157280 150.288239 173.761993 271.640045
007969 0.011797 111.160706 128.841217 215.460510 318.096344
007972 0.013502 4.717359 94.828316 31.767277 206.609436
007972 0.006628 322.894592 64.208427 472.719360 244.663361
007972 0.926955 201.938965 51.435013 457.235229 268.376160
007972 0.863019 1.000000 75.573776 290.285339 278.166260
007975 0.005011 461.815552 191.907013 480.000000 265.252838
007975 0.034932 318.485321 225.835480 471.378082 355.144135
007975 0.972987 8.186066 18.624649 378.042389 360.000000
008010 0.025257 256.685364 93.794373 313.885498 184.644928
008010 0.075619 220.603577 75.823959 314.684387 207.347427
008010 0.699676 213.688980 88.093529 346.799988 270.662445
008010 0.008521 327.059052 96.420975 427.019745 278.634583
008010 0.009052 100.662811 96.305161 392.198883 267.723389
008027 0.005011 5.177418 323.617188 29.302219 410.056580
008027 0.008870 135.888092 360.468628 179.723175 428.443420
008027 0.006985 80.930130 157.762222 175.019547 401.424133
008027 0.011729 11.532398 288.737762 105.798828 500.000000
008027 0.901794 19.864540 230.825317 163.552490 500.000000
008038 0.006248 384.638123 257.793457 495.878967 362.330139
008059 0.914606 115.938560 51.299553 198.437042 192.229401
008059 0.035129 151.891052 74.035309 212.583954 174.264175
008078 0.794498 245.184586 259.320221 368.391205 347.241974
008109 0.007366 486.628082 86.541725 499.518402 148.261475
008109 0.009975 1.109979 105.293480 20.170269 202.438751
008109 0.014685 487.219452 114.133240 499.705719 190.345215
008109 0.799555 244.981689 124.381012 435.318176 275.183472
008109 0.877507 63.960693 128.992371 267.163391 316.147308
008124 0.929809 208.278244 83.178352 475.653137 299.522888
008147 0.965183 51.471039 46.386520 279.040924 202.043549
008157 0.008350 101.059219 143.680145 167.506058 204.193481
008157 0.006225 1.000000 131.944397 123.237625 273.421753
008157 0.144255 330.594055 166.633759 486.579102 321.310699
008157 0.005751 273.390381 83.493599 449.057129 327.388580
008157 0.006611 1.000000 67.077789 272.278564 255.418976
008158 0.015880 259.932373 13.128654 332.684448 211.432587
008158 0.007314 234.707977 7.055191 339.480927 313.648499
008183 0.009648 233.535782 63.174023 305.398193 142.157700
008183 0.005279 4.963490 83.692764 121.225433 278.167358
008183 0.012349 44.077827 52.187534 262.142761 161.317520
008183 0.893678 17.515579 64.198181 287.017212 280.085815
008205 0.012996 8.658257 56.414703 52.448578 87.198502
008205 0.007266 295.500763 55.008240 317.735870 111.446869
008205 0.005291 307.263367 56.597824 319.234863 147.002548
008205 0.006250 288.305878 33.113220 320.000000 175.655899
008205 0.941403 90.335609 66.476433 237.677124 178.045593
008215 0.006172 170.330078 282.931427 202.138397 358.285248
008215 0.113162 176.028931 221.928772 330.249603 397.280945
008228 0.908769 31.210358 45.580864 315.039337 300.027802
008256 0.008414 376.663666 142.399185 471.472321 288.589233
008256 0.922549 84.489258 75.522919 383.309845 401.107788
008259 0.023148 101.100914 145.823242 240.876373 300.891266
008259 0.070209 214.511230 185.239777 306.973206 329.140533
008259 0.006779 344.871857 171.821198 460.985077 347.875580
008259 0.848534 256.550598 137.019806 455.180176 362.787964
008276 0.005026 106.936249 21.660995 472.713776 375.000000
008298 0.005352 378.389679 116.135628 436.771454 151.625397
008298 0.025368 408.909485 114.077057 478.502502 159.737366
008298 0.012375 485.355713 119.979439 500.000000 296.589783
008298 0.864409 1.684853 98.723518 210.161255 234.044250
008298 0.024250 98.894241 142.168350 251.178177 247.475052
008298 0.857519 322.689270 104.789169 500.000000 305.158936
008298 0.852489 120.163773 83.294884 361.731873 267.115967
008303 0.030217 377.550934 51.298019 468.201752 208.989365
008303 0.014498 152.110229 82.714195 402.630432 240.033051
008303 0.866869 66.436859 88.615692 407.474426 374.575317
008305 0.006956 135.706360 102.156952 494.091431 363.795776
008308 0.008078 9.518997 1.000000 192.721878 186.525299
008314 0.008157 23.409973 150.740585 163.928604 259.653870
008314 0.820669 164.364273 106.690285 436.029236 303.425049
008324 0.006524 221.250671 198.603012 296.078125 279.796051
008324 0.008260 257.859192 193.870575 323.160706 270.156555
008324 0.029381 283.454437 195.002594 342.775726 254.265778
008350 0.010947 164.361099 269.694611 216.736557 369.491119
008350 0.024233 125.149033 198.883423 195.292862 439.927185
008350 0.038444 145.855286 222.291016 225.581085 413.804199
008354 0.942985 71.620636 85.981110 359.409607 281.157684
008399 0.006336 152.082916 131.800598 336.173218 347.847900
008399 0.954223 87.947693 139.185532 443.057556 438.789001
008418 0.006555 14.767441 45.981659 384.848633 375.000000
008441 0.741375 53.635727 24.013145 224.963394 276.769653
008476 0.012855 184.547577 349.946136 223.739868 394.540680
008476 0.267220 232.921295 317.205994 267.915955 429.737549
008476 0.017496 38.998489 364.103088 78.074959 435.248230
008476 0.071560 53.364140 364.525208 137.499527 434.326172
008476 0.031560 215.586960 301.182739 277.020569 449.337769
008476 0.781706 46.880836 348.142944 197.972931 445.464172
008476 0.163650 143.892349 342.859619 245.858658 443.936523
008496 0.010976 152.665604 4.081226 238.961014 21.854334
008527 0.176376 1.000000 127.328178 58.835651 309.864746
008574 0.023228 26.697525 226.886856 72.692406 354.303833
008574 0.008243 50.177906 283.234009 128.322525 362.810181
008574 0.009238 40.420769 280.429962 147.204437 451.168060
008574 0.008061 99.209991 189.037903 225.272736 472.826599
008574 0.781727 40.686142 273.028076 313.202393 485.527405
008593 0.164445 1.000000 103.981888 23.233135 195.947006
008593 0.018920 6.895926 119.502487 19.308525 268.263489
008593 0.012277 207.466217 146.195862 271.852783 245.439484
008593 0.008317 248.195084 154.026886 304.971680 249.046906
008593 0.061397 287.060730 148.640060 345.807678 258.309509
008593 0.026891 329.110382 146.546387 386.109467 237.383728
008593 0.011339 355.339417 145.235901 413.407654 241.983398
008593 0.175168 434.228516 139.207504 473.009155 248.092697
008593 0.019260 55.912312 104.274582 140.690338 230.442917
008593 0.044705 189.913864 107.378639 283.508972 217.664001
008593 0.026187 220.497864 100.908180 327.044434 220.493500
008593 0.013587 267.328033 106.646713 362.757660 219.130142
008593 0.016394 427.304504 92.496712 480.000000 240.708282
008593 0.042987 1.000000 112.857384 50.951366 280.267731
008593 0.809606 20.441757 124.601082 184.167664 262.179993
008593 0.219305 104.676285 142.739807 220.448990 255.719574
008593 0.808839 166.270081 131.599930 309.053925 251.391006
008593 0.814864 295.032959 136.193939 424.598694 243.916718
008593 0.015851 391.730957 135.225647 474.465149 240.397797
008593 0.006032 273.217682 98.988037 438.472198 287.247101
008598 0.005421 4.628609 49.512955 18.111048 333.000000
008598 0.049770 5.711279 61.705154 46.224739 333.000000
008598 0.009561 115.179924 134.181427 181.197083 279.537567
008605 0.010877 51.845055 134.770233 89.337013 169.999695
008605 0.122093 50.355217 131.826843 123.686089 182.097076
008605 0.351299 123.456741 105.821503 166.022232 203.357544
008605 0.172024 137.399887 120.424469 192.052109 228.997437
008605 0.010031 260.330444 131.046783 302.015503 198.384521
008605 0.006626 37.549324 164.606003 83.148575 228.587112
008605 0.009888 54.141533 151.514191 127.886726 231.415131
008605 0.006811 118.765869 144.847137 171.562500 229.662689
008605 0.033613 250.897858 147.087570 300.910248 228.992111
008605 0.005353 37.638687 125.120331 149.653473 204.718597
008605 0.122529 214.081726 112.270325 297.178040 229.741974
008605 0.010061 409.330048 114.898888 496.135223 283.183716
008703 0.005221 13.881390 12.720749 89.737152 325.625854
008708 0.008449 1.917725 241.364899 21.232456 313.222748
008708 0.102709 1.000000 267.414886 27.585373 326.516083
008745 0.046150 34.979378 215.537262 91.566620 313.734406
008745 0.014430 58.931877 209.639572 117.090584 309.213013
008745 0.033763 21.620182 200.812927 123.347504 347.393616
008786 0.006640 412.661194 120.183037 460.544434 197.076080
008786 0.007629 472.872162 116.383316 494.739349 209.308212
008786 0.390594 62.183411 164.765396 113.499863 237.025894
008786 0.359413 116.642380 166.282043 152.623672 230.277679
008786 0.019762 212.989838 156.986771 293.595612 222.974594
008786 0.026533 237.740173 170.239792 330.608032 231.882431
008786 0.760586 204.524445 158.643494 364.601776 256.770691
008786 0.747256 373.975189 139.172195 487.553253 242.485794
008786 0.010463 139.801559 194.715866 293.693176 270.465759
008795 0.032632 37.712143 30.976578 469.894592 307.392151
008802 0.008252 91.424217 98.818573 131.457214 165.024719
008802 0.006044 299.535767 109.540329 319.495300 194.575089
008802 0.007085 86.555756 70.526871 143.920990 187.538803
008802 0.005362 265.046722 68.975914 312.438568 201.965179
008802 0.911299 89.268433 36.136192 224.510071 208.700317
008804 0.006639 93.274994 98.838272 130.790619 167.477646
008804 0.892673 97.386581 45.589775 212.306931 213.976959
008812 0.010642 483.183502 107.553284 500.000000 344.068146
008812 0.006623 443.706207 103.850555 500.000000 349.543274
008812 0.877773 344.803162 27.756088 487.941711 368.393311
008812 0.005447 415.396210 50.743607 500.000000 375.000000
008882 0.020183 84.624298 260.734955 140.734573 374.376923
008882 0.008054 153.542999 266.821045 225.031006 365.572266
008882 0.020096 130.478516 142.535828 236.126984 324.611572
008882 0.005135 83.261017 215.777771 162.988190 409.530396
008882 0.006629 137.713928 221.351593 233.811859 403.062958
008882 0.841354 92.067986 128.958435 226.919952 440.578125
008899 0.008494 459.683563 1.000000 477.297882 143.709167
008899 0.012181 472.574188 217.198334 480.000000 289.920563
008899 0.973919 72.455673 43.397095 398.597229 333.786682
008907 0.007270 39.689850 12.616135 470.236725 307.549438
008993 0.006057 1.000000 1.000000 318.348694 252.743790
009046 0.901049 54.432877 176.610580 429.000000 499.841553
009067 0.005783 88.143784 169.231293 180.328262 354.199738
009067 0.010408 119.126099 105.772232 385.270325 267.370239
009067 0.925534 100.499222 109.311661 454.657654 407.358337
009074 0.005378 181.696198 175.010468 221.578217 268.550140
009074 0.012063 223.439529 171.554489 258.699402 276.890076
009074 0.008703 254.745132 171.755051 286.518341 272.285492
009074 0.021489 183.210541 194.924316 234.793213 303.139252
009074 0.027735 209.049286 187.175201 254.268982 307.121124
009074 0.823907 174.723694 160.722610 259.358673 322.710815
009101 0.028393 467.645447 188.525101 480.000000 289.577271
009101 0.008285 459.503632 207.248444 478.619110 316.768768
009101 0.008838 63.348747 94.800148 197.756226 298.528076
009101 0.007038 255.560791 118.172195 367.915283 276.279053
009101 0.831764 349.319702 140.216187 476.518799 318.000000
009101 0.008117 259.338562 209.738861 350.416199 317.694916
009101 0.167398 1.000000 53.828674 148.372711 318.000000
009101 0.115871 167.738861 99.077705 369.450409 308.290222
009101 0.945495 1.905701 83.954353 344.935944 318.000000
009101 0.005117 276.306519 100.284760 480.000000 293.258179
009125 0.018766 98.461014 211.062500 407.890198 370.346375
009130 0.010927 262.156342 140.337250 377.201813 272.127350
009130 0.005909 315.501495 234.311646 424.319916 393.238037
009130 0.837462 94.844269 146.089203 351.289856 469.035736
009152 0.008519 307.420410 190.865784 348.996765 207.227783
009152 0.005338 387.531921 196.098038 419.117981 217.089584
009152 0.005577 424.975189 193.260834 454.025177 219.049286
009152 0.007610 375.955688 221.248322 437.057312 251.322937
009152 0.022055 415.563477 226.217819 471.643127 260.073578
009152 0.047660 1.000000 180.252289 116.799858 334.000000
009152 0.012243 46.484871 167.303955 164.221039 321.159546
009152 0.009863 100.591919 205.499268 197.872589 329.803589
009152 0.005616 1.000000 189.164734 267.144104 315.802277
009219 0.005659 10.114166 84.585060 259.316315 305.585663
009229 0.013233 11.024837 152.752060 123.646515 268.132080
009231 0.037878 388.783173 97.851295 493.332062 270.141113
009231 0.048884 1.000000 120.893555 121.100830 320.522095
009231 0.010697 108.559547 125.270164 249.594971 315.652832
009231 0.007082 204.764404 130.262924 373.087402 301.211609
009231 0.872190 8.130852 87.085846 251.374664 343.159302
009231 0.907992 137.796082 68.019058 452.963440 311.394531
009301 0.043468 202.291779 83.492798 500.000000 375.000000
009310 0.030165 471.482971 145.266449 500.000000 306.384796
009310 0.017907 450.059967 124.867096 499.636688 332.462799
009320 0.010645 202.964340 222.707306 459.618896 373.101776
009332 0.010383 218.795776 251.425034 334.000000 373.820435
009369 0.008717 191.837036 75.089073 240.447021 195.888733
009369 0.005181 213.829102 72.623604 257.353271 199.076782
009369 0.657921 100.319771 35.691811 231.287811 186.307068
009369 0.005761 89.934067 28.705902 320.000000 206.000000
009380 0.010452 383.314392 122.408913 480.000000 254.692139
009380 0.006419 426.186951 86.298637 480.000000 286.405670
009380 0.859070 86.861908 70.827988 393.443451 304.519043
009400 0.012948 350.574707 141.837921 400.607056 265.521362
009400 0.010691 374.500977 150.983597 426.973022 253.541031
009400 0.119228 349.954773 129.401093 445.529358 280.148834
009495 0.010026 5.817317 118.726738 33.218021 264.220428
009505 0.953507 93.642212 98.939224 338.197876 427.300476
009506 0.019379 10.154600 263.450317 44.563309 308.335327
009506 0.013849 22.910000 267.612244 70.900696 303.148560
009525 0.010756 8.201645 144.196381 38.507038 264.602631
009525 0.961040 63.678696 112.244583 324.498047 436.206360
009534 0.006408 6.708189 227.963715 29.622007 284.124969
009535 0.006236 490.470032 193.669006 499.471497 304.328644
009535 0.006662 478.036530 250.566025 494.897614 311.792023
009535 0.036636 184.858704 151.508240 334.051208 323.394379
009535 0.904441 162.083496 95.875267 430.265076 332.000000
009539 0.047847 85.580566 199.214081 115.740631 258.902344
009539 0.010130 131.349091 204.075958 158.698059 265.210754
009539 0.006318 160.255905 204.808945 187.127457 253.285263
009570 0.005011 20.803009 21.942947 394.640289 320.685852
009572 0.014830 199.915710 77.667221 463.641357 269.510925
009651 0.007876 18.279144 230.944672 402.579407 361.299713
009661 0.494788 1.000000 125.466469 131.141235 282.615723
009661 0.819771 59.313065 77.690956 401.315125 330.036224
009665 0.678239 76.934189 172.215286 126.069122 256.325439
009665 0.027478 88.282089 150.767731 173.882706 259.149811
009722 0.007828 31.914993 137.815521 72.408615 196.938354
009722 0.005520 306.198822 145.285156 328.043793 204.046692
009722 0.006005 66.821915 219.671371 102.279984 295.803436
009722 0.006697 256.448486 226.557663 326.545532 286.215759
009722 0.762182 88.377274 177.482468 171.923538 369.583923
009722 0.197877 123.255898 183.557861 206.722321 367.559448
009760 0.009792 491.648712 97.531357 500.000000 201.300400
009768 0.008711 158.387009 147.564102 188.318466 169.964645
009768 0.007206 353.365509 104.208572 398.216400 203.483383
009768 0.013198 473.979187 161.802017 485.034302 182.063644
009768 0.023233 52.417919 163.296173 110.517029 240.319000
009768 0.010202 118.336426 160.709702 170.505554 241.428085
009768 0.127919 190.975677 161.635422 248.961945 231.266861
009768 0.207288 216.485977 162.381256 259.000946 227.335083
009768 0.036351 283.130127 167.867966 315.774841 216.829178
009768 0.649775 296.776215 165.755142 337.793243 237.754349
009768 0.005606 479.851868 174.013031 489.078491 209.658356
009768 0.042855 121.924637 151.967361 226.565201 237.765610
009768 0.755956 351.478851 138.233643 428.272125 253.073730
009803 0.935113 123.144867 130.472656 302.522675 246.269714
009889 0.016341 131.267242 153.725906 363.523773 271.556946
009903 0.933094 89.764206 95.229774 401.542786 307.083069
009931 0.485680 88.639679 170.284119 137.521332 253.093628
009931 0.020290 114.763870 165.470398 155.032211 250.904053
009931 0.005098 121.732269 154.211945 213.029358 259.652161
009933 0.941496 51.213409 25.220871 500.000000 388.987610
009957 0.941506 35.192047 135.087814 298.972107 436.154724
009963 0.008720 209.466660 451.142365 317.574341 495.467804
009963 0.006431 115.674950 447.262115 332.035248 497.732391
