000002 0.007194 56.207108 194.604263 123.618668 235.175888
000002 0.052467 159.607758 194.108902 199.767700 262.594727
000002 0.026491 29.756035 238.059769 65.308899 281.556580
000002 0.811997 151.422348 203.942474 210.411942 296.073517
000002 0.024897 185.363937 221.695953 215.949234 291.342102
000002 0.011580 29.325611 250.357910 67.035355 304.350830
000002 0.010572 23.008362 169.335541 155.778244 264.571686
000002 0.008477 1.973660 191.090164 120.873459 302.340027
000002 0.005775 114.519608 93.349670 229.044815 405.866669
000031 0.005324 423.141083 120.714691 475.611908 164.566162
000031 0.009490 479.491791 110.056198 497.652924 172.872543
000031 0.033655 10.740164 143.903290 33.646385 217.248627
000031 0.020273 429.243103 141.238571 471.329468 185.551712
000031 0.092810 483.344788 136.372086 500.000000 203.887100
000031 0.027018 9.037210 175.975281 29.740009 219.566925
000031 0.008621 401.558563 102.502502 499.889252 236.949127
000031 0.865138 33.455688 72.414124 434.048431 261.307129
000062 0.005065 136.335236 122.086441 361.862183 209.129990
000062 0.081138 42.737289 104.027603 465.504883 226.322678
000062 0.010711 17.599411 18.261292 492.835510 313.657837
000087 0.029199 98.966309 175.041962 232.586914 203.599579
000087 0.052117 52.299294 187.142197 283.751526 214.130356
000087 0.011617 62.118942 169.832031 333.000000 206.786316
000088 0.008401 431.881958 180.931839 476.749756 278.948120
000088 0.006821 478.174072 178.232834 495.466187 285.962891
000088 0.008328 409.184326 144.136230 487.282043 304.505066
000088 0.957280 132.731506 21.550400 470.685852 364.195618
000100 0.006098 5.034708 110.740479 22.957170 203.642975
000100 0.007422 2.876522 99.039398 93.307007 214.374146
000100 0.965926 1.000000 44.301277 428.799805 221.092682
000103 0.008283 424.570679 152.677567 466.252930 235.081833
000103 0.009356 412.416016 118.085930 482.961609 251.042236
000128 0.045280 97.773880 141.375122 474.566895 243.008698
000145 0.006507 335.065887 136.065857 384.703644 236.348175
000145 0.012316 379.292816 157.007248 423.200958 267.734314
000145 0.819880 394.733307 135.614670 490.781464 300.743164
000145 0.007086 392.358307 1.000000 492.297882 318.423828
000145 0.010720 339.951965 86.740173 487.322388 343.325439
000145 0.005178 412.929138 65.879150 500.000000 346.000000
000145 0.969149 36.011993 81.287186 386.558319 317.078674
000201 0.005215 156.914368 5.248573 500.000000 118.985283
000223 0.952079 159.381470 91.023758 343.344879 290.339172
000231 0.023731 6.609032 120.810440 38.830086 207.309769
000231 0.012886 5.871618 158.204193 30.521982 207.205811
000231 0.334544 5.309738 119.936905 107.060104 211.306747
000238 0.015116 1.000000 173.129059 294.440918 358.283905
000238 0.764143 17.441971 6.711060 328.243835 375.000000
000248 0.078211 99.292618 103.477287 471.110901 244.935211
000253 0.013019 1.037276 105.306122 27.469028 173.404663
000253 0.012243 63.264805 115.533730 111.467819 170.801147
000253 0.006211 478.561768 85.619827 496.597961 184.693436
000253 0.061016 1.429390 147.909241 40.768200 192.745605
000253 0.051377 39.396713 143.522583 90.507240 190.910858
000253 0.124040 67.889915 143.375900 103.822472 195.180405
000253 0.005550 4.220121 168.048843 23.472443 229.481094
000253 0.005586 30.002758 83.577057 144.262772 192.505127
000253 0.005526 1.000000 101.684853 67.616676 232.576752
000253 0.013423 2.128254 116.872070 112.007797 218.092163
000253 0.023052 362.006073 92.198349 459.731354 235.675003
000253 0.005401 443.346741 63.577293 500.000000 274.572388
000253 0.090726 368.129211 1.000000 500.000000 275.999725
000253 0.900414 94.990700 105.302864 349.395905 222.537018
000281 0.005123 475.879913 104.440964 497.811188 156.649582
000281 0.007298 1.000000 43.973640 61.658581 286.516296
000281 0.931571 55.888794 114.977242 460.343750 266.155579
000283 0.012744 64.379333 1.000000 500.000000 173.069138
000301 0.057044 41.898155 103.096092 99.352577 190.548401
000301 0.376224 30.494984 85.383911 125.775635 215.497955
000333 0.010603 104.713234 109.144348 162.673157 141.157959
000333 0.044850 1.000000 49.376934 202.526840 142.798706
000333 0.005034 54.383186 97.508484 207.648010 227.968079
000333 0.940890 186.745178 66.231064 368.013306 271.632080
000333 0.299242 8.659256 48.194588 342.674072 205.843048
000333 0.005261 1.000000 13.858093 322.617126 315.613251
000361 0.009286 149.292084 4.050133 337.662598 70.031837
000361 0.006936 1.000000 35.440533 140.083191 119.435059
000389 0.013039 108.703438 179.735153 136.552902 206.442459
000389 0.006386 146.328201 166.180603 174.217484 213.040253
000398 0.542163 86.599686 8.783173 401.875122 442.000000
000441 0.923439 151.149414 108.820618 307.009674 247.443420
000511 0.007601 143.732056 173.359985 215.857727 212.760254
000511 0.888176 95.779785 150.974655 277.366394 215.940811
000511 0.030065 276.440826 127.647888 467.806671 204.788452
000538 0.011502 1.000000 1.155991 463.385773 313.070190
000556 0.895964 80.687363 89.320961 366.899780 308.389709
000571 0.005700 38.382690 34.338242 466.227814 465.082458
000572 0.010155 14.423088 26.293839 198.369751 313.854370
000572 0.015009 155.424164 14.969746 500.000000 78.417694
000602 0.007086 177.196640 102.733978 496.460815 316.552948
000627 0.005698 209.863861 90.146629 500.000000 198.065918
000629 0.528372 24.139252 89.459961 422.763641 173.796448
000636 0.020599 214.475113 130.465790 373.502319 266.510864
000636 0.916438 72.057098 94.130882 435.373962 288.544006
000643 0.017043 454.356232 206.063843 499.760956 338.236755
000674 0.006655 278.723419 216.698746 454.215240 332.438965
000674 0.005732 1.000000 1.000000 131.499023 368.868347
000674 0.157783 34.258553 4.982376 236.967255 367.882080
000674 0.008617 115.604301 62.720184 297.748779 366.596252
000678 0.005025 213.861328 160.411804 270.833557 196.558105
000678 0.027587 35.065651 185.504349 158.095917 213.832504
000678 0.008264 130.262970 183.950607 219.000641 217.348190
000678 0.013977 169.986649 168.395157 255.791275 216.500565
000678 0.005120 230.268768 173.262054 274.264130 213.696564
000678 0.021186 258.962708 185.633286 321.739502 217.664627
000678 0.052150 243.234222 191.635910 415.658173 221.627579
000678 0.818846 8.808945 166.014221 283.547852 224.478973
000678 0.062553 235.344620 188.202072 491.497070 233.790359
000678 0.005115 264.831451 192.860092 463.346039 274.992401
000678 0.027655 95.531876 168.773315 479.797302 228.493286
000678 0.005241 24.330032 166.573288 476.519592 299.852966
000696 0.014875 196.502747 285.831177 299.833191 323.398010
000696 0.010161 121.284973 278.420105 306.885437 333.000000
000696 0.009063 156.689392 281.665649 492.130554 333.000000
000703 0.010627 239.524078 256.711243 342.068146 399.435303
000703 0.954184 1.000000 161.551819 296.760986 433.954590
000732 0.033156 1.638943 294.058685 45.536633 379.155670
000732 0.068357 20.490065 306.033936 69.308014 370.740295
000732 0.007971 5.950537 324.852905 38.431702 393.691467
000732 0.042829 31.995630 323.744629 76.218430 388.222595
000732 0.396082 2.131767 276.071564 97.619072 437.736237
000732 0.910223 55.896347 224.388947 326.506958 456.376251
000735 0.005118 481.922424 110.294128 496.432617 189.274658
000735 0.010296 72.256134 24.852753 287.870819 286.407715
000735 0.871471 1.000000 27.054993 500.000000 280.015503
000743 0.853450 104.923416 27.189178 475.237976 329.360565
000751 0.007185 16.447395 75.255867 80.875824 110.355736
000751 0.280932 2.645466 77.108322 30.210281 151.689072
000795 0.005107 84.080879 275.178101 174.350586 294.142090
000795 0.070484 45.210815 259.163177 461.450623 317.254547
000795 0.020046 33.112167 283.926575 469.518921 333.000000
000817 0.006062 320.441772 233.774384 486.951965 281.000000
000824 0.006458 6.258565 201.270737 23.746979 260.134003
000824 0.095446 388.937469 195.883041 446.043915 268.106445
000824 0.130007 410.746582 205.061829 481.962646 263.706055
000824 0.049104 478.970856 185.895096 496.711517 276.237427
000824 0.049512 488.796448 215.958984 499.567871 289.022369
000824 0.007051 389.301086 185.852646 492.082520 277.209198
000824 0.937250 59.422714 112.153236 441.287354 321.648834
000833 0.041829 3.492325 17.011795 450.986755 377.476501
000835 0.007304 468.156219 119.620140 496.559296 159.517883
000835 0.042216 224.395950 137.317856 291.775513 199.025558
000835 0.018189 334.716522 135.323288 393.054840 192.914658
000835 0.036991 471.238129 140.829895 495.945099 189.538971
000835 0.628211 200.232880 122.341125 323.627411 234.039093
000835 0.736815 289.602295 117.800453 418.224060 235.578979
000835 0.005697 438.844910 68.951500 500.000000 267.888550
000835 0.124561 1.000000 109.629776 304.075623 217.833511
000875 0.108993 1.000000 128.668121 73.733780 250.172821
000922 0.179388 25.880707 119.741554 87.616333 159.000092
000922 0.005702 196.696350 129.585159 244.794189 178.058121
000922 0.339814 127.676666 101.847961 226.433380 217.823792
000942 0.017487 33.701141 134.239929 77.737572 197.877838
000942 0.033761 471.706360 143.794220 499.250610 214.732819
000942 0.006335 8.215706 61.992691 118.838623 208.273117
000942 0.276239 17.908371 108.844749 188.884048 218.150513
000942 0.051856 52.512047 126.293228 290.618530 226.134048
000942 0.005073 202.664246 127.109886 370.846680 222.406555
000942 0.055682 176.524307 160.131516 319.742004 243.315536
000942 0.005473 289.908478 140.865845 500.000000 264.276031
000942 0.722703 94.698654 131.103302 491.349365 270.743317
000942 0.018504 46.335754 72.996582 500.000000 332.471924
000970 0.011934 291.385895 145.209000 361.873138 175.433243
000970 0.091783 337.487823 137.707870 416.805389 182.598984
000970 0.023987 388.142456 138.514374 489.662354 181.946716
000970 0.022420 302.714600 162.767792 353.769897 200.898041
000970 0.235011 337.241547 151.509079 410.958405 205.901505
000970 0.070861 355.214935 155.949921 460.648285 205.356049
000970 0.051251 390.844604 159.229431 481.756470 195.578705
000970 0.019499 476.624969 174.291061 496.436432 211.913803
000970 0.007910 361.786682 122.646149 500.000000 194.697174
000970 0.350636 322.987366 145.842316 485.970276 221.273834
000970 0.062610 331.753418 139.237488 488.522156 302.652893
000970 0.005596 302.706787 55.065506 500.000000 331.135376
000970 0.019660 15.436234 36.265579 403.171265 199.526840
000970 0.899800 1.000000 14.080841 364.659180 375.000000
000970 0.006455 39.646835 98.627960 500.000000 375.000000
001005 0.007878 477.221313 135.564072 498.302185 200.217056
001016 0.009275 129.270264 200.787216 158.728485 228.126511
001016 0.009918 484.789185 178.904221 494.843628 230.082108
001016 0.900865 198.604507 144.907104 486.265198 251.605591
001030 0.006343 112.652512 116.210434 308.728149 215.935623
001030 0.888604 31.775940 121.585907 407.127258 270.014862
001030 0.034163 21.824509 55.707703 461.061768 322.000000
001049 0.008019 8.151755 100.090797 32.710075 139.368225
001094 0.015779 1.000000 166.892151 19.737999 190.945984
001094 0.055583 7.096306 172.337738 253.770721 197.943359
001094 0.012767 82.127533 181.650208 246.606049 210.456818
001094 0.090120 235.728989 172.996002 331.718079 210.317963
001094 0.009659 152.387711 166.151505 366.001465 202.072281
001094 0.012920 48.539902 157.059296 441.815125 205.585175
001094 0.278636 24.898895 176.013428 347.293701 212.108398
001111 0.010217 16.594955 168.166290 483.229736 268.605682
001115 0.014233 1.000000 52.380772 13.304169 139.097305
001115 0.015030 6.163443 91.582718 24.368713 169.200150
001115 0.008899 29.486622 113.609146 71.438461 154.743546
001115 0.068639 15.327740 127.223953 45.792519 212.143051
001115 0.008239 471.845764 135.280930 497.120911 214.399582
001115 0.006851 481.189911 131.863464 498.155487 275.969391
001115 0.659107 1.000000 108.335312 84.479218 236.188339
001115 0.141232 407.527924 111.294701 500.000000 279.100647
001115 0.796699 67.382568 90.025024 456.385315 252.070862
001178 0.005073 1.000000 136.176849 277.493103 182.223358
001178 0.601796 20.884171 130.744370 468.497803 187.548721
001178 0.009796 23.565399 149.225098 467.359650 239.806366
001178 0.015790 48.398132 161.738953 441.937805 313.890625
001210 0.007775 445.035828 1.000000 500.000000 375.000000
001219 0.015252 39.436005 192.348007 230.283295 290.771454
001219 0.018382 6.051636 125.591286 497.572937 305.573944
001243 0.017108 8.794434 1.000000 308.000000 110.653267
001256 0.026334 20.062286 66.210983 461.505676 233.278732
001256 0.008814 23.669434 3.869888 474.351501 374.805847
001278 0.011970 242.690674 1.000000 500.000000 371.302185
001278 0.794625 24.329254 14.862091 470.051422 346.111267
001329 0.008603 253.059097 135.117645 327.590027 171.950806
001329 0.040488 296.517883 127.954483 374.604004 164.109726
001335 0.588964 149.239304 51.430214 443.278931 289.890900
001338 0.005745 1.000000 201.749817 245.311081 375.000000
001358 0.011469 21.239441 45.890163 168.009537 130.609055
001359 0.005748 353.037689 125.281799 381.112030 158.670044
001359 0.012756 375.820465 133.148880 419.482391 157.767624
001359 0.009463 476.321320 116.012024 500.000000 158.469177
001359 0.006252 351.904480 148.057098 370.601196 192.239471
001359 0.009009 416.338837 158.104507 467.645599 175.261032
001359 0.007123 479.616730 156.308777 495.707611 185.735016
001359 0.012529 40.981194 96.179390 143.427368 250.673096
001359 0.012302 17.104614 33.920303 169.331299 297.421875
001359 0.862944 184.876648 70.547142 369.404663 268.613739
001370 0.065381 1.000000 1.000000 333.000000 138.694412
001382 0.005568 94.970520 152.248001 500.000000 264.540894
001396 0.008005 6.579071 113.436317 98.801079 260.289398
001447 0.012856 14.431641 1.000000 406.765717 84.707657
001449 0.011242 1.000000 69.344833 18.190901 186.812912
001449 0.073630 1.143635 114.305939 20.487444 201.543396
001449 0.012746 328.697571 115.988327 412.486267 185.666733
001449 0.078175 1.884583 166.990662 23.951605 225.239288
001449 0.019525 21.725666 161.023239 89.159332 217.164841
001449 0.014665 49.052166 155.235611 148.441528 207.840317
001449 0.026388 183.738449 147.005157 250.050217 210.806549
001449 0.020495 213.027420 157.623138 266.614319 220.967285
001449 0.013026 1.000000 194.787659 27.175888 252.004883
001449 0.008642 1.000000 63.645584 54.784828 245.193436
001449 0.849404 29.191246 102.841263 163.287537 217.636307
001449 0.707685 184.087860 106.929512 285.445282 209.656921
001449 0.400787 311.509888 86.343987 437.098267 218.398193
001449 0.034572 8.430969 119.669693 118.247459 240.995224
001458 0.012595 479.119507 55.340260 497.044128 137.704163
001503 0.007473 66.370193 34.092590 445.620605 324.448273
001567 0.129178 39.064621 238.733719 333.000000 415.474609
001567 0.734166 11.023758 78.995972 320.129761 433.829590
001578 0.009884 37.927429 113.314819 223.929565 237.266113
001578 0.006025 240.086700 123.176308 356.569427 282.781494
001578 0.264389 293.843750 121.428574 436.232666 276.454468
001578 0.880550 33.152878 103.638344 411.506226 310.752441
001606 0.020834 1.000000 1.000000 500.000000 66.698616
001616 0.077256 1.000000 185.945038 138.965668 260.929718
001616 0.005781 38.942848 184.880020 232.318390 255.956558
001616 0.478864 67.982101 160.350189 430.316772 277.248810
001616 0.045377 14.911148 42.326813 472.061035 321.317993
001625 0.016228 415.497955 99.423386 467.422760 133.478302
001639 0.075421 1.000000 1.000000 64.773666 80.271881
001644 0.006529 132.774719 109.224052 432.889709 303.736877
001644 0.133516 44.149612 1.000000 500.000000 331.318115
001665 0.018740 142.378387 141.296707 278.200775 203.617538
001668 0.025520 64.150085 128.740967 351.704407 276.972961
001672 0.785837 30.696579 164.352661 438.095581 254.333344
001710 0.005449 390.574005 22.193626 500.000000 134.876495
001753 0.005573 477.457153 205.973663 498.248657 319.022736
001753 0.024589 9.776169 42.534164 205.361404 320.060669
001753 0.103707 7.514099 191.446793 395.728210 331.820190
001753 0.424093 16.589630 26.797897 399.842743 346.556213
001770 0.005789 3.889759 134.554382 92.560867 169.089630
001773 0.048587 61.332870 1.000000 294.154114 310.183899
001773 0.024687 159.957489 30.928391 337.679108 335.059021
001773 0.179271 32.486954 3.453003 472.731506 372.802399
001776 0.010085 104.721680 24.176682 500.000000 333.000000
001788 0.956174 114.385834 37.934631 465.918243 307.860535
001802 0.058521 2.763047 27.690453 27.289604 163.890381
001802 0.037811 3.235142 1.000000 56.641155 193.768280
001802 0.009764 27.906898 19.940689 155.660522 148.283936
001802 0.023994 95.748871 33.892048 199.193359 159.380020
001802 0.006888 123.225227 43.322502 301.971222 148.359406
001802 0.007493 387.984253 4.059334 500.000000 162.860535
001802 0.110924 294.484985 1.000000 500.000000 273.638885
001802 0.269057 30.236023 13.241493 465.670349 177.517639
001802 0.190549 1.000000 1.000000 500.000000 321.746155
001803 0.029994 4.124743 130.723068 39.729019 211.409103
001803 0.026968 80.907272 151.788406 133.357834 214.546860
001803 0.006026 182.670273 150.654541 257.398346 198.467133
001803 0.073297 5.057184 175.592056 50.650543 240.969925
001803 0.022849 4.662037 192.480453 102.683289 234.475143
001803 0.449478 77.614799 179.246246 135.393372 237.867554
001803 0.083546 140.061584 197.364975 219.631348 238.925339
001803 0.041848 176.197601 198.914459 243.770416 237.141205
001803 0.058769 335.725037 198.714828 397.178040 238.027176
001803 0.184057 358.188782 198.829163 448.761292 230.724548
001803 0.142235 396.205383 200.706589 483.712524 228.958939
001803 0.014626 470.853363 193.837708 496.011627 229.687988
001803 0.209682 10.478165 213.693649 49.457485 254.417038
001803 0.047612 20.939837 212.797073 80.315094 249.562271
001803 0.043845 69.789429 213.466095 129.330444 243.042694
001803 0.054489 91.178879 213.514923 169.894699 246.526550
001803 0.012914 152.042557 216.969482 207.784195 245.437836
001803 0.008170 183.003769 216.376709 238.170700 241.720276
001803 0.269474 283.346802 204.503998 367.867004 250.720428
001803 0.018937 335.683899 216.546402 381.316040 242.534653
001803 0.006853 373.994904 219.561142 435.737701 239.306778
001803 0.018428 415.132721 218.506439 475.500946 241.405090
001803 0.012100 482.273102 217.051041 497.177948 255.301651
001803 0.005745 409.661346 239.028046 485.827789 312.842010
001803 0.009363 1.000000 143.663742 63.144798 271.750732
001803 0.026749 30.454620 171.295792 153.965866 241.168625
001803 0.012529 92.686371 180.978622 244.580109 248.030777
001803 0.669934 210.319489 193.728363 368.787872 245.808746
001803 0.010029 375.920227 170.908676 500.000000 244.462875
001808 0.174030 1.000000 1.000000 346.390259 180.189117
001815 0.091180 91.263306 131.381226 348.195160 272.858704
001817 0.029002 1.000000 10.358673 333.000000 321.124237
001844 0.018848 461.201019 93.567581 495.150848 178.724869
001844 0.021825 471.620270 136.176590 497.162018 188.447617
001876 0.904366 284.411469 93.584877 495.396332 263.012726
001895 0.037576 30.205227 336.949707 81.597717 362.230957
001895 0.050654 49.817276 338.593048 137.111984 359.264923
001895 0.039969 86.590134 339.298492 177.521194 358.833160
001895 0.009643 3.321655 327.155975 193.651306 365.695038
001913 0.011289 3.600292 29.538712 61.950768 232.923172
001935 0.637044 46.256821 127.159698 397.705505 214.862366
001935 0.014901 174.636887 136.885590 500.000000 222.796753
001953 0.005722 3.921856 67.244843 52.047768 334.000000
001953 0.696377 1.000000 34.483322 492.432617 321.517151
002009 0.006736 115.110229 115.002190 258.688751 258.319702
002009 0.079893 113.772415 81.441742 317.016846 307.264282
002009 0.739708 143.763351 89.772903 499.183167 304.665771
002032 0.692327 6.587433 1.000000 500.000000 347.000000
002038 0.077159 42.796112 48.875671 320.811249 451.323181
002041 0.007228 262.357727 122.718437 395.374084 289.913391
002041 0.330531 251.241974 150.218613 495.081696 322.635498
002041 0.005024 202.883133 1.000000 500.000000 332.000000
002050 0.008640 18.025253 6.725191 175.076691 33.676674
002050 0.009097 127.723801 29.181015 282.361511 163.881912
002050 0.020462 53.060883 12.375839 332.000000 192.906754
002053 0.023319 7.316097 148.100037 19.415661 195.100677
002053 0.846216 35.949001 85.700066 150.100922 241.607361
002066 0.006384 156.948700 236.293472 208.329254 292.462830
002066 0.011337 21.918261 279.963898 60.743988 312.936188
002066 0.040160 30.659882 278.507172 110.137054 317.754669
002066 0.017931 91.045258 280.618500 142.346329 309.247955
002066 0.023500 133.440430 279.643188 170.352875 311.709290
002066 0.039330 178.540237 277.400635 201.631241 303.704529
002066 0.068700 219.618118 282.884766 235.524094 319.404663
002066 0.008054 251.244034 275.352173 279.359192 322.149597
002066 0.014594 281.313263 270.566010 315.836395 317.392242
002066 0.013643 304.830231 268.423218 363.490326 312.737427
002066 0.011467 25.009024 300.185364 62.890327 337.432190
002066 0.094834 31.621609 292.567749 113.564499 338.363892
002066 0.020863 82.139221 295.599701 145.782410 338.560272
002066 0.048526 139.633301 294.885742 178.228271 345.209290
002066 0.029664 177.542664 297.667175 199.192413 338.206665
002066 0.007460 12.528526 265.777100 149.743408 334.623413
002066 0.092374 6.704620 286.447266 158.965027 367.430115
002066 0.021106 23.916313 290.396851 181.292145 432.255066
002066 0.071783 1.000000 239.347458 184.171600 500.000000
002079 0.007722 1.000000 153.279083 21.408615 231.548553
002079 0.009479 1.085186 196.655106 103.405228 241.367172
002079 0.005542 1.000000 141.623520 113.526031 234.557938
002080 0.005478 454.263428 100.420624 500.000000 312.766113
002080 0.898734 11.558228 30.075043 500.000000 300.755615
002148 0.006748 10.293085 131.734634 23.898226 239.662491
002148 0.858061 18.370972 92.756828 471.105072 303.887299
002150 0.012394 441.697632 18.440643 500.000000 299.172150
002150 0.601595 383.413879 41.448181 499.895203 345.313263
002150 0.965168 4.587845 53.379715 418.439026 336.213928
002206 0.944431 50.817459 118.199493 366.264526 264.235809
002211 0.009547 9.037827 48.121948 371.186951 448.555267
002236 0.006971 272.366455 58.117241 380.744263 212.672882
002236 0.938340 22.387863 34.911087 382.999878 298.397156
002246 0.006090 281.920105 179.192535 333.000000 255.460419
002246 0.007831 285.337769 201.682007 328.988464 292.476044
002289 0.023479 200.687119 153.010956 244.795456 177.512115
002289 0.690115 204.904129 148.723389 341.580261 200.125793
002289 0.014594 232.597412 166.497879 318.564331 212.939774
002289 0.006374 77.445412 137.315964 268.167755 201.280930
002289 0.007429 281.273865 122.987030 458.122620 216.841003
002351 0.015554 1.440575 183.227020 12.146905 266.846771
002351 0.778440 391.539520 156.420837 499.143402 273.338348
002351 0.874958 1.000000 106.405434 433.731873 293.769440
002370 0.038015 11.197395 76.940170 212.146271 287.889221
002386 0.842039 51.456406 84.207069 470.783264 254.627930
002418 0.010926 118.297653 155.153320 224.412552 194.877075
002418 0.005465 270.899445 184.332703 305.245087 209.142578
002418 0.733773 2.816620 141.336700 287.793091 210.558563
002418 0.037686 58.240326 133.701309 500.000000 211.203720
002424 0.897616 150.920502 137.586426 347.895508 272.107452
002429 0.010067 32.907303 36.767647 471.949768 172.235657
002451 0.008052 363.720215 193.510376 500.000000 341.551514
002457 0.007385 142.120407 210.895447 218.883621 234.455139
002457 0.036465 175.536438 209.127991 309.274719 243.277954
002457 0.015106 218.672913 197.352966 356.596008 242.886658
002457 0.039485 170.706604 225.234314 262.228760 252.346619
002457 0.072027 5.262047 171.968948 179.517731 323.008301
002457 0.009309 182.079041 202.006073 408.299683 275.087128
002457 0.010508 203.724792 136.932281 451.317688 347.000000
002457 0.042524 161.434891 70.385612 491.936707 213.579834
002457 0.692670 178.163055 171.411499 490.099030 263.318756
002487 0.006310 115.083122 106.801102 223.595886 278.677673
002487 0.013684 442.662903 93.799652 499.743958 372.377533
002487 0.005057 404.305389 230.408203 496.234283 374.781250
002487 0.238546 16.305336 32.975876 169.425201 351.486572
002487 0.014487 79.754745 48.568985 270.613464 346.136292
002487 0.848556 117.470322 25.756561 467.404419 375.000000
002521 0.942277 21.722382 59.125832 481.608002 259.094940
002532 0.010387 12.696523 144.597824 41.077179 197.760086
002532 0.016509 21.276829 150.983963 90.628235 195.588058
002532 0.007539 101.493584 174.146866 157.590271 206.771835
002532 0.016804 1.000000 117.803162 102.490372 205.686279
002532 0.883249 196.448746 96.123085 487.285339 247.111816
002580 0.006377 294.533234 116.220016 351.549896 153.597824
002580 0.007587 349.956848 108.487099 398.383057 156.800690
002580 0.010214 424.690369 110.250725 476.285217 159.579208
002582 0.009765 358.737701 176.116699 375.000000 271.426239
002582 0.009612 333.802917 182.103790 367.359619 321.198090
002582 0.038641 319.921509 143.559540 372.566589 359.298950
002582 0.880621 57.942932 61.463120 370.229736 390.652283
002610 0.008323 4.461929 135.553116 490.239624 374.463684
002622 0.016781 135.903671 243.898499 218.607742 269.678192
002679 0.021142 76.809006 155.158463 104.535828 203.887894
002688 0.963028 29.327759 87.910973 457.689392 313.308929
002700 0.005945 1.000000 44.080105 193.105865 116.200317
002700 0.023198 1.000000 40.974892 279.516205 169.424683
002703 0.017026 308.317169 203.731964 427.593414 230.066437
002726 0.006055 43.676254 3.919601 500.000000 317.517090
002728 0.396840 265.612946 161.722351 374.600739 234.810486
002728 0.101739 263.011993 1.000000 499.312469 331.430603
002742 0.114472 13.525009 102.344521 484.058594 258.719757
002742 0.005132 1.000000 38.807327 500.000000 345.560852
002750 0.030555 89.424591 74.872337 487.923859 162.351746
002750 0.070661 1.000000 81.090973 436.469971 375.000000
002756 0.076488 103.211670 134.876617 193.022736 282.846039
002756 0.037715 81.624603 48.682648 211.672424 380.979584
002756 0.010018 7.968071 36.007172 153.227417 456.178284
002756 0.007302 1.000000 22.247742 353.594604 472.515717
002758 0.005324 342.137177 183.471695 375.616913 215.587875
002758 0.006785 255.915649 155.065903 400.779236 234.784927
002758 0.018378 299.388824 172.239594 426.821930 269.977997
002758 0.014552 349.473358 171.634216 465.629974 293.020386
002758 0.016345 356.343384 203.488678 483.078247 348.696442
002771 0.019534 480.340759 128.335037 500.000000 213.435104
002771 0.008622 485.212891 156.156662 500.000000 242.183182
002771 0.010039 283.451477 128.458801 459.295837 208.600494
002771 0.021699 319.272156 164.926025 479.965942 234.077820
002771 0.941870 24.193489 8.702240 278.118347 260.733032
002793 0.017814 333.586945 105.739410 485.244904 187.509857
002793 0.342092 1.000000 70.796005 486.913666 239.119370
002823 0.009836 146.310944 133.524719 500.000000 264.325043
002832 0.083304 44.608765 49.544724 145.444626 191.695724
002832 0.876014 174.967010 45.365974 325.389923 208.283936
002832 0.894267 301.301208 43.080490 498.040527 236.630173
002871 0.010790 304.389679 204.341232 353.825897 236.218552
002871 0.174573 304.928467 215.969849 361.422363 245.114990
002871 0.016427 342.398376 227.938736 366.646790 254.173965
002871 0.020207 376.982666 24.107941 500.000000 386.623779
002890 0.007076 8.935839 152.241379 24.067606 224.928116
002890 0.012491 453.170532 148.486267 495.149902 225.260101
002890 0.592244 410.226349 134.776108 493.754974 283.757751
002890 0.914732 25.112656 68.095482 450.083740 295.427979
002897 0.006850 12.172371 167.360626 173.139313 252.902618
002897 0.014028 335.224548 205.635498 485.590271 275.432343
002898 0.902766 32.549896 76.904129 476.263702 355.654480
002920 0.026607 41.795471 119.839355 463.194061 233.635345
002922 0.005986 1.000000 437.658936 333.785278 500.000000
002929 0.165089 17.903648 292.455322 199.275604 372.340942
002929 0.860844 158.443634 176.620056 374.000000 406.272156
002979 0.013218 149.062836 91.394020 174.193146 135.007080
002979 0.007569 3.051216 127.270042 27.832975 198.049164
002979 0.059626 73.026123 138.363113 135.030655 197.155258
002979 0.683402 114.970055 135.511078 172.219208 204.667511
002979 0.078444 138.116882 139.220718 184.983093 195.944931
002979 0.008006 162.866364 140.961151 254.072571 188.337280
002979 0.005269 196.320557 140.620758 294.294312 176.994476
002979 0.007442 42.880482 177.409744 84.756989 201.088882
002979 0.028438 74.469902 165.291031 121.610313 195.671829
002979 0.008642 173.614792 163.762192 240.204300 199.292923
002979 0.011291 292.472321 214.186371 434.876984 264.101013
002979 0.006971 216.750381 73.702873 364.292419 170.871063
002979 0.103815 30.936203 119.888855 162.102066 209.801666
002979 0.033185 165.917236 117.212479 332.248566 202.108871
002998 0.008288 278.613220 115.942642 305.502991 154.087143
002998 0.893838 249.573944 87.640564 500.000000 178.635345
003001 0.008075 13.174946 195.075958 108.572083 371.100555
003001 0.005136 1.000000 69.481049 122.245140 434.981445
003001 0.161381 68.107620 45.309586 343.000000 500.000000
003059 0.006848 226.813828 121.472145 274.075653 160.673096
003059 0.110141 197.372238 148.918396 238.654037 211.755829
003059 0.746035 214.687119 144.929718 279.387909 215.485107
003059 0.037817 253.622833 148.918610 303.723114 207.531281
003059 0.018012 309.166382 149.748947 350.214539 201.032700
003059 0.005388 160.291306 171.888062 193.637344 217.518494
003059 0.019246 196.906281 68.151894 297.780731 197.851593
003059 0.012571 173.091736 123.854965 269.729706 214.177170
003059 0.009310 219.520966 126.861893 336.467682 213.454758
003059 0.009861 265.010040 117.248215 391.235931 217.814957
003097 0.009664 12.041490 84.633514 28.640774 210.009277
003097 0.010896 6.236614 151.271851 22.575718 215.960571
003097 0.008589 1.000000 177.248474 18.690275 228.359741
003097 0.005276 387.043762 51.167686 430.753235 246.405701
003097 0.870562 233.601379 49.938332 417.143250 253.014038
003097 0.880083 14.207108 46.699593 280.411743 251.547821
003128 0.014276 13.442215 114.679382 468.807068 375.000000
003203 0.006371 1.000000 109.284973 19.428177 144.647095
003203 0.005616 469.153564 159.768295 500.000000 205.674210
003203 0.893099 1.000000 106.037193 443.821838 246.485931
003220 0.142509 1.000000 105.763535 462.053711 266.563599
003234 0.005196 265.084930 88.841736 476.411407 364.086700
003234 0.012810 72.649078 79.129868 500.000000 374.000000
003275 0.006119 65.770737 205.565857 443.206421 288.180420
003281 0.009217 196.429459 3.885668 260.379974 43.442070
003286 0.012697 25.343781 115.600342 65.149193 202.956390
003286 0.033105 7.529493 165.776871 31.489424 228.993179
003286 0.129322 29.463600 152.675522 72.183975 239.609268
003286 0.007066 77.167946 155.168777 110.411446 235.254593
003286 0.013873 426.656464 161.843246 457.279572 232.674454
003286 0.005022 488.927338 137.091537 500.000000 256.055695
003286 0.045413 33.804405 192.957306 66.801743 251.494873
003286 0.006326 492.076691 194.118713 500.000000 261.270782
003286 0.082450 18.963413 111.538605 86.821106 272.399139
003286 0.024618 43.526787 118.969215 151.841949 271.979492
003286 0.005474 1.000000 78.644653 126.896545 375.000000
003286 0.984948 61.285797 47.305496 451.805084 315.839722
003302 0.012746 26.654724 197.818848 193.657089 280.650513
003319 0.013461 14.242142 1.000000 499.596863 287.787842
003321 0.043594 49.761185 103.662979 377.858948 195.727280
003342 0.010632 54.615997 141.787415 226.844879 257.317810
003342 0.177813 13.632507 87.857941 275.890961 274.133820
003357 0.008487 34.576248 3.803623 466.220337 75.952606
003387 0.014830 9.362190 112.352547 46.217979 148.042786
003387 0.306780 12.182384 109.211731 94.390060 150.552002
003428 0.024157 376.014618 104.857979 425.544281 154.707550
003428 0.010930 353.090118 131.851913 383.655731 201.637619
003428 0.010463 390.360077 144.816650 415.000153 203.351959
003428 0.005302 360.402191 60.023895 442.694305 202.567352
003428 0.005336 84.092880 85.973137 190.066910 242.585419
003428 0.897434 184.864563 78.249092 328.024963 259.126617
003428 0.006139 332.583313 82.021774 414.561401 254.961685
003428 0.063030 3.219234 25.838257 126.586166 316.332458
003428 0.008862 35.805084 40.244713 229.257599 279.371490
003438 0.014132 74.970459 210.322113 420.408813 342.097382
003438 0.028815 60.565796 28.106766 431.420013 341.605469
003457 0.934316 21.416718 117.419586 341.572906 463.097443
003474 0.023139 74.942589 131.565048 262.474060 156.442368
003474 0.675170 27.111649 108.998138 489.929810 180.403473
003474 0.007595 110.461090 98.895760 500.000000 244.220490
003474 0.026145 35.898361 74.913162 500.000000 356.354553
003475 0.005038 72.801186 161.043747 205.201385 239.182419
003475 0.055096 20.788422 37.175766 483.240570 309.735962
003513 0.218258 311.837891 171.233322 344.888000 227.345444
003513 0.022023 328.692902 162.879364 393.298553 228.479401
003513 0.127318 311.417389 189.485962 357.863251 237.090424
003513 0.017332 334.584076 191.591080 383.914581 249.513840
003513 0.011201 306.953552 132.029831 422.746155 241.941452
003513 0.852980 162.685059 190.242065 315.486725 260.693909
003547 0.006961 3.655931 82.221878 16.648056 261.908569
003547 0.316221 334.718567 50.847763 494.252808 291.983826
003547 0.974204 11.885666 43.917320 358.577393 295.955078
003568 0.063619 379.413879 179.500610 498.319763 309.544739
003568 0.042358 315.798737 105.241547 492.025421 372.025177
003568 0.935834 1.000000 109.078400 429.296753 376.356293
003571 0.049262 276.350006 199.395035 467.569794 320.415497
003601 0.007162 481.603882 114.356247 500.000000 186.898972
003601 0.024768 33.535950 157.848984 75.040817 207.765701
003601 0.031568 476.940613 140.944687 499.310303 208.460648
003601 0.006115 423.638458 191.736053 480.827728 245.366089
003601 0.018499 470.894775 176.244019 497.635193 255.480286
003601 0.005733 380.870697 116.931488 498.469879 241.494202
003601 0.030917 9.757362 121.719109 102.950195 294.267578
003601 0.920583 60.174683 89.643143 464.619324 319.402405
003613 0.947806 22.633713 21.977325 482.288696 357.496674
003619 0.007714 161.102936 38.972198 416.234161 204.325592
003619 0.005899 74.191299 1.000000 500.000000 309.165253
003630 0.051190 447.946655 11.895000 498.514465 40.540138
003637 0.008744 410.095551 108.840294 474.459442 181.162720
003637 0.013239 476.177277 75.833199 495.889801 204.105896
003637 0.012021 405.706970 136.016937 470.491089 214.785675
003637 0.012146 484.306702 105.619888 498.723083 235.558670
003637 0.025159 328.518951 118.340179 473.463654 230.966187
003637 0.026006 395.290161 105.285286 492.660217 238.656708
003637 0.010936 306.641510 22.737122 489.644318 325.021576
003637 0.017881 223.453476 101.654732 500.000000 246.981110
003637 0.025362 1.000000 163.492950 287.021729 334.082703
003637 0.102481 22.873413 21.622528 470.568115 332.401093
003652 0.054888 333.413696 177.598053 488.434998 261.952637
003687 0.013605 143.685760 237.636520 198.965759 260.983276
003687 0.005117 195.837234 233.630951 240.904953 272.831390
003687 0.008677 221.528442 231.283401 278.276520 279.343323
003687 0.013351 253.262543 229.132553 316.593719 280.455811
003687 0.009595 261.029449 246.240326 313.803558 301.105011
003687 0.061386 107.843742 224.216583 311.502319 317.546356
003687 0.627606 205.606659 226.378082 358.330414 309.792877
003687 0.372450 15.309052 201.388626 350.735352 299.121033
003687 0.006037 96.119385 190.621704 476.333923 316.840790
003687 0.005645 30.374451 68.289810 500.000000 332.000000
003689 0.012743 155.683273 136.233475 206.207138 154.073685
003689 0.008651 170.922821 134.421661 248.481628 153.148041
003689 0.016023 295.313110 132.619080 367.882935 153.018707
003689 0.047424 348.759857 134.275299 395.278778 153.395081
003689 0.033524 381.820221 133.073410 413.597015 149.916794
003689 0.005285 475.606781 112.878708 491.217255 149.438400
003689 0.016799 2.621733 150.729172 37.393097 194.480972
003689 0.145709 1.761703 130.116577 105.622482 181.944946
003689 0.007681 99.144882 148.326324 152.407440 172.175842
003689 0.013612 158.163574 148.130554 197.667511 165.363129
003689 0.020930 202.959930 163.984222 298.084503 195.381561
003689 0.023223 253.080643 161.636185 318.122131 187.619980
003689 0.054716 294.445557 147.222900 362.078613 177.091217
003689 0.022367 340.153473 139.751984 391.218964 164.342590
003689 0.007394 385.606049 139.649155 424.429169 164.094437
003689 0.005116 436.989990 143.636551 453.198730 173.320938
003689 0.043863 1.000000 177.987823 37.127640 220.970428
003689 0.252624 193.097015 169.270081 295.864990 219.036865
003689 0.010726 201.683350 150.459808 435.220825 196.445953
003689 0.010944 1.000000 145.549088 112.215698 255.492447
003689 0.637303 160.491119 160.906616 410.587067 235.503021
003689 0.036632 1.000000 165.817444 364.136078 303.302917
003689 0.009846 182.187195 138.526871 465.789551 321.513306
003710 0.917656 24.007721 21.766052 452.109009 281.903229
003723 0.275572 228.512894 121.296844 406.289185 226.216949
003723 0.017073 185.722977 120.740265 474.476868 273.891357
003777 0.020692 130.395782 137.437653 356.124817 231.505035
003777 0.024657 311.389984 115.313828 488.317902 241.876602
003777 0.012101 235.277252 97.780945 500.000000 251.114075
003777 0.007473 1.186707 148.663925 294.531799 251.754623
003777 0.772031 71.464142 127.775772 438.360748 258.109985
003795 0.009732 1.360291 1.000000 414.630615 122.729576
003801 0.011305 321.982239 23.994308 462.912231 285.856934
003816 0.010661 9.099854 28.521637 281.604584 234.271118
003829 0.058094 1.000000 160.530411 31.448730 259.130127
003829 0.019661 1.000000 96.063835 59.451557 311.100098
003829 0.005465 147.958496 178.090546 268.881226 308.293823
003829 0.005513 5.295208 21.003525 120.733246 324.760620
003829 0.777581 10.603699 29.128326 477.367645 333.000000
003843 0.931445 122.061462 60.769165 477.676025 332.540497
003858 0.111268 1.000000 175.704529 106.556549 358.435242
003858 0.005978 1.000000 175.401154 234.010864 350.520111
003873 0.010582 338.306335 154.197922 473.335754 188.605240
003873 0.006254 485.831787 159.326141 499.126709 195.296448
003873 0.866309 76.331039 65.770874 480.035461 209.178314
003883 0.124337 27.437595 188.063721 110.139404 231.845215
003883 0.021912 64.840324 176.994980 119.211418 237.598190
003883 0.021114 12.763180 158.649063 124.537079 248.386459
003883 0.934929 92.848282 50.883720 376.225586 298.328003
003908 0.038601 155.602448 75.564407 196.665314 142.733505
003908 0.006657 34.281021 130.920044 86.314392 155.414856
003908 0.051742 126.088654 117.768036 161.362335 159.365723
003908 0.685775 160.464966 104.896683 198.674408 156.069656
003908 0.019893 198.748215 109.135674 225.776505 145.480179
003908 0.007555 39.547703 144.804565 71.847656 173.912689
003908 0.006631 104.395393 1.000000 238.681122 320.734894
003930 0.032714 360.453430 157.476746 452.412048 330.229065
003930 0.005125 194.057724 17.652870 459.774780 249.654236
003930 0.547529 1.000000 3.159607 442.624451 319.565491
003952 0.010706 56.542751 26.516266 122.478546 96.951294
003952 0.013931 101.369408 38.676193 158.496628 101.576935
003952 0.006397 147.225204 42.704994 196.623734 102.848045
003952 0.010693 172.076477 38.103436 226.106171 99.080887
003952 0.020854 250.396301 21.108784 319.763062 107.449554
003952 0.006928 238.485916 62.750839 320.222321 118.795746
004001 0.010776 405.289459 138.215149 479.036102 191.986267
004001 0.032395 262.811615 156.609283 310.036530 210.744415
004001 0.016281 422.498901 153.510483 471.534973 214.525650
004001 0.081692 398.523468 137.673355 500.000000 238.561172
004001 0.013243 254.557266 21.524277 407.444641 354.108154
004001 0.008682 378.661591 38.407806 500.000000 344.299988
004007 0.015627 231.953583 122.501526 287.678802 157.641174
004007 0.149710 235.831848 128.779480 291.132996 192.872009
004007 0.005141 107.673111 190.775711 157.624741 223.392258
004007 0.010483 132.649261 117.479614 281.836456 213.356323
004007 0.014747 198.898819 122.740677 312.074036 210.800980
004007 0.051397 237.950577 110.331192 424.544983 220.809647
004007 0.090909 221.681091 80.290932 500.000000 249.476562
004026 0.022499 458.159119 156.731277 495.649902 223.198715
004056 0.009965 24.475647 108.243073 405.356445 259.755920
004056 0.008422 23.720947 199.476303 410.042694 337.205200
004056 0.290698 1.000000 15.341110 498.073242 352.740540
004070 0.109920 6.701797 125.428024 110.999802 158.122360
004090 0.005067 78.610092 173.747803 422.907593 323.744965
004154 0.012990 1.000000 198.833359 109.512604 286.739075
004156 0.008604 1.000000 88.387131 365.020630 375.000000
004160 0.006279 233.101227 327.349701 482.803009 375.000000
004182 0.005114 3.305039 123.960136 11.417193 208.493378
004182 0.023036 141.581573 155.612732 197.669617 177.068359
004182 0.888865 214.815353 140.678177 287.547546 202.714432
004182 0.005724 291.212463 129.712616 448.736511 200.907837
004182 0.007891 183.923126 1.000000 317.718658 332.000000
004198 0.005880 1.000000 1.000000 311.652893 135.875671
004213 0.006813 343.183441 127.912582 398.398346 152.595291
004227 0.023390 22.054886 43.765610 400.330017 257.230469
004235 0.957590 19.120316 66.270966 436.739990 348.164948
004248 0.005829 12.209427 55.469727 480.307800 333.000000
004261 0.044761 7.113256 110.691940 40.913872 155.485825
004261 0.216869 4.287502 120.940170 94.040619 157.918961
004261 0.009498 40.335209 121.508110 146.481766 155.031311
004261 0.052818 116.441269 114.766418 156.465469 153.259766
004261 0.040573 146.478622 121.313217 181.692093 155.601425
004261 0.014270 216.236984 111.852066 265.856934 173.944778
004261 0.029544 5.923565 133.241608 29.278336 179.491974
004261 0.225666 1.000000 129.924850 120.400520 169.603348
004261 0.050390 26.528236 141.693161 159.979492 166.628006
004261 0.036816 88.593040 138.772400 185.930359 170.606415
004261 0.043165 133.044510 140.355957 206.896347 169.606110
004261 0.035952 208.286697 136.234482 249.349289 183.893814
004261 0.865242 210.907898 128.112015 277.454193 193.885727
004261 0.015221 255.862564 137.035614 293.857971 184.590668
004261 0.005411 11.629364 130.371582 179.237839 182.595947
004261 0.009852 93.629669 124.200027 232.653290 189.069046
004261 0.010645 250.240433 97.711174 414.418701 230.746918
004261 0.006411 238.126266 32.836182 441.461487 290.454498
004301 0.007341 1.000000 2.403061 279.867249 113.730873
004320 0.007130 384.783600 70.171921 496.274139 379.000000
004324 0.064582 3.094131 68.179825 103.597450 270.734863
004324 0.005509 170.549606 136.009460 328.473755 260.786774
004324 0.828653 48.573410 87.291222 447.420410 293.821045
004388 0.013818 381.050171 153.522995 443.302307 218.814133
004388 0.915533 100.128815 95.848129 459.146454 255.909683
004393 0.008262 258.435760 233.333832 299.742706 292.230743
004393 0.006312 307.845673 271.556305 325.315216 308.185577
004393 0.875250 160.079895 198.612305 304.471863 349.734497
004393 0.008495 1.000000 281.228790 183.321930 347.386871
004393 0.050566 20.957153 220.932907 308.132111 341.316772
004408 0.007121 68.057800 1.000000 435.144440 123.324844
004414 0.005208 6.556231 152.184006 30.971914 202.922867
004414 0.119700 2.644137 182.335678 29.494659 220.237686
004414 0.050028 42.855019 178.746735 77.815994 217.743958
004414 0.009977 73.301743 186.232742 118.962097 216.229721
004414 0.019016 115.629532 181.509903 166.303452 219.396896
004414 0.025073 149.595917 184.178406 191.326111 236.660095
004414 0.026406 381.336884 179.367783 430.631378 227.703018
004414 0.927039 115.777206 113.077927 394.865845 239.925278
004431 0.018455 67.916428 266.810974 255.724960 341.416504
004431 0.008893 51.702736 275.944031 295.719910 392.264282
004473 0.012537 158.758789 146.901871 188.710999 175.998367
004473 0.034959 222.632065 147.975815 281.238892 186.643112
004473 0.273760 225.889862 140.183685 360.649689 193.024750
004473 0.006902 391.483917 157.435333 427.343414 175.218475
004473 0.018497 26.571388 126.089615 229.768188 209.899734
004473 0.827268 199.598892 133.143356 429.697205 202.916550
004473 0.018733 7.334984 20.601837 246.354156 305.824677
004473 0.005989 222.491531 56.048553 428.946777 281.503662
004483 0.903578 23.300705 108.877121 448.754883 318.269226
004492 0.005732 28.828903 22.110718 447.623413 375.000000
004505 0.005948 310.434814 68.359116 353.174622 106.495865
004505 0.012362 337.234161 65.049149 380.644379 104.206558
004505 0.011076 137.797699 72.487671 289.266937 195.028870
004505 0.015692 95.519600 126.687927 257.793457 279.495422
004505 0.909497 1.000000 39.898079 338.900208 289.713104
004505 0.005091 1.000000 1.000000 299.348206 333.000000
004516 0.023447 1.000000 123.262230 25.775711 210.430420
004534 0.006456 24.050995 119.604813 404.741364 247.345139
004578 0.069666 165.719971 116.411255 320.365570 293.982697
004594 0.043870 80.434891 50.793610 337.403503 259.033783
004603 0.006229 389.596497 104.859329 489.520081 167.872299
004603 0.005278 30.330807 152.870346 96.329468 210.080399
004603 0.007355 52.894798 155.137238 143.710602 202.824799
004603 0.007385 297.540466 157.089294 353.708069 207.112457
004603 0.032375 364.432556 155.531189 500.000000 184.741119
004603 0.006494 1.716454 186.028381 14.544149 223.046295
004603 0.014197 19.342834 171.720398 87.282753 220.908325
004603 0.013568 2.704391 144.138672 182.148361 221.667633
004603 0.007430 144.556213 156.594879 359.331177 222.209869
004603 0.901559 9.826004 144.632065 340.765503 233.858444
004624 0.026526 396.525940 124.356529 496.218872 157.839859
004624 0.007014 462.300873 123.431580 491.949677 153.906982
004624 0.037736 399.269745 142.227539 491.807465 172.678711
004624 0.011445 470.011200 145.409836 490.523041 174.088425
004624 0.009049 395.146484 116.750504 500.000000 212.927902
004624 0.830215 247.359375 121.195953 398.905823 266.919678
004624 0.013921 231.067688 23.841377 428.924133 254.944122
004638 0.008127 24.518152 77.684494 86.369110 122.300369
004638 0.877005 41.085510 5.400269 471.294342 161.666519
004657 0.021269 366.375977 1.000000 499.403137 299.732361
004657 0.913062 70.110443 11.192749 485.471710 319.884094
004663 0.007828 1.000000 173.438705 23.798681 221.363693
004663 0.198451 4.899933 165.754669 179.630417 235.989777
004663 0.294790 187.749756 180.901840 400.776489 257.176819
004663 0.823343 22.514709 156.158112 409.091705 249.319855
004681 0.007583 433.241119 167.310333 476.357269 244.334686
004681 0.037901 464.441589 167.501312 490.538330 239.816742
004681 0.929465 176.618439 117.405411 499.063751 265.446533
004711 0.009484 483.511108 29.597092 500.000000 215.813171
004711 0.008425 131.073334 141.103882 209.431122 188.698975
004711 0.006575 264.625610 129.144791 311.952332 182.467636
004711 0.005379 304.282654 137.993942 337.279541 180.997910
004711 0.296238 470.684906 67.253365 500.000000 250.025055
004711 0.040966 2.406144 166.792969 29.095505 216.528107
004711 0.033623 61.512016 173.693161 140.946289 210.251755
004711 0.010147 117.401253 178.435303 168.414093 204.468597
004711 0.154678 139.889008 173.504776 190.821960 206.390182
004711 0.047440 223.073166 141.386658 291.446411 230.745148
004711 0.009385 303.948425 145.831726 347.128906 226.313385
004711 0.023797 345.471069 130.324829 403.287781 228.287079
004711 0.018593 437.839111 131.843704 474.333679 234.418869
004711 0.082783 1.000000 138.997238 136.088593 223.693832
004711 0.784254 206.360641 111.585327 364.593262 245.156921
004711 0.730993 330.080414 109.539062 456.116058 237.528229
004711 0.017096 396.459137 106.492500 491.990265 246.054779
004711 0.008097 443.774475 17.491104 500.000000 352.366821
004711 0.005802 236.830231 93.343315 483.211273 232.686096
004731 0.700082 243.125793 63.035660 500.000000 390.191650
004731 0.039669 42.079910 78.268005 468.013245 436.216614
004751 0.007424 4.824696 94.193329 25.487694 181.582367
004751 0.018246 466.356171 114.195129 496.509125 169.449158
004751 0.009620 7.816601 129.667603 22.945990 201.971680
004751 0.073719 475.798767 138.444962 500.000000 192.099960
004751 0.915103 20.693481 108.708115 478.257568 212.704086
004780 0.014579 16.239151 53.521599 291.005188 215.885315
004802 0.653358 21.112137 96.510864 456.587891 201.928467
004810 0.015867 399.857880 156.736908 482.024384 295.479156
004817 0.008690 475.871460 112.512451 500.000000 173.478668
004817 0.005476 478.589539 140.577469 497.294373 238.507828
004817 0.007635 2.791934 292.485321 16.458862 334.290924
004817 0.076399 88.923439 285.579865 176.881561 323.305756
004817 0.011872 148.133331 297.300629 186.932617 322.242828
004817 0.043821 1.000000 305.271210 188.174805 351.745148
004817 0.005580 15.292282 161.269547 166.843582 298.684937
004817 0.009714 12.747482 220.772675 173.718567 330.527863
004817 0.686734 6.401779 281.887512 175.951355 336.472290
004817 0.006287 70.291130 308.936066 267.379822 367.193939
004853 0.005330 346.699615 101.206039 388.404999 150.648071
004853 0.006503 483.659485 94.703827 496.125549 179.524048
004853 0.012027 384.588013 125.795967 437.866272 194.785248
004853 0.007911 200.188629 93.095612 381.819305 185.672089
004853 0.025024 350.584381 104.942558 457.319061 206.301575
004853 0.729114 43.263351 86.231102 453.174805 195.927063
004871 0.243118 484.818573 188.934250 500.000000 244.072067
004871 0.916860 45.932022 82.500275 486.039368 362.853729
004883 0.037135 30.300446 91.350014 479.549652 213.925873
004899 0.005505 391.644958 47.981926 500.000000 220.281860
004899 0.026592 311.111786 13.565865 500.000000 262.420441
004899 0.161653 1.451317 12.004715 205.435577 333.000000
004899 0.043710 136.564819 22.840462 500.000000 165.426666
004921 0.005522 6.242611 175.959137 86.210754 370.928497
004921 0.005475 29.454773 182.272247 126.289261 359.118134
004921 0.006046 135.377777 197.227249 296.473694 352.262878
004921 0.942889 52.500443 120.746689 317.296021 384.787598
004944 0.857110 1.000000 18.425766 206.526459 375.000000
004952 0.007577 109.648758 151.729355 145.122864 198.215561
004952 0.006010 113.954880 190.292328 144.149307 249.415558
004952 0.009688 78.398521 229.814850 115.406441 287.077484
004952 0.059884 114.860680 228.544449 151.411758 280.422028
004952 0.604432 150.939774 236.810028 186.576431 288.826324
004952 0.022113 192.071030 239.119019 218.532608 284.282959
004952 0.006674 231.305023 233.790771 255.986664 275.554779
004952 0.008558 114.373283 256.910309 139.924423 298.239349
004952 0.071487 201.380508 257.145477 223.868698 294.684784
004952 0.005598 82.313614 134.101334 169.395126 291.628845
004952 0.006358 98.147835 51.312347 234.321136 451.226593
005011 0.301543 77.968979 179.619537 171.292206 242.185394
005011 0.028322 271.199524 187.263153 385.140991 223.359314
005011 0.005274 49.199532 51.268593 198.110474 190.961639
005011 0.005352 37.949402 187.140244 160.328690 281.293152
005011 0.008439 8.884064 3.882980 190.076523 262.825378
005011 0.623138 97.829910 181.238556 484.261414 237.637787
005011 0.025734 85.276810 171.736298 493.032654 292.982269
005013 0.012216 480.570923 149.100372 499.977173 208.753662
005013 0.006971 390.701080 177.531586 432.692230 227.087677
005013 0.025981 433.377106 187.216339 458.557465 226.863068
005013 0.033371 482.817383 185.442581 495.471069 220.349472
005013 0.894504 58.502014 66.476311 451.015564 296.941071
005069 0.638268 1.000000 20.787964 312.011383 270.590790
005069 0.012369 1.000000 1.000000 265.936310 385.091492
005070 0.921577 18.940155 131.715118 428.688049 318.929565
005095 0.008755 102.223022 193.656586 175.793762 234.122223
005095 0.022569 134.709564 201.351089 215.544678 232.245163
005095 0.013792 155.654633 200.007614 272.135132 230.464920
005095 0.005073 248.192810 198.083481 325.653809 228.718735
005095 0.005494 412.346039 201.291748 472.363434 229.861298
005095 0.006481 2.488767 225.440018 28.555569 277.964233
005095 0.005141 42.941864 246.701096 86.875679 266.856537
005095 0.030620 63.911369 245.600876 125.825478 267.143677
005095 0.080264 78.061005 241.176849 190.749359 267.780975
005095 0.019289 117.902336 234.307816 221.781677 262.807404
005095 0.043283 160.514130 233.768829 269.221649 265.766693
005095 0.029274 209.989944 233.955933 284.424194 269.869141
005095 0.020114 262.774994 234.549774 317.560028 271.585022
005095 0.065055 358.386810 223.269241 435.883881 289.165985
005095 0.005074 417.872620 228.948532 471.833618 275.119080
005095 0.008464 467.447113 231.566055 495.330536 271.414307
005095 0.008904 3.131433 254.480057 23.920341 295.644958
005095 0.098439 78.365509 258.114807 195.807251 292.176514
005095 0.017984 130.937180 265.800690 199.044907 291.359344
005095 0.005418 187.099854 268.646606 241.025177 290.333801
005095 0.011672 223.507050 262.718628 270.438202 290.896790
005095 0.005939 65.919403 135.883118 274.001740 208.198303
005095 0.006197 99.549751 190.560577 324.279907 239.501617
005095 0.015212 50.160713 220.788513 214.633820 277.041687
005095 0.027269 98.499207 219.492630 320.166290 264.042023
005095 0.458797 326.528107 210.185944 470.737030 288.425171
005095 0.038487 56.473175 243.363083 214.280609 303.231567
005095 0.006213 95.771011 177.375961 472.631287 254.849289
005095 0.102995 94.599503 218.315140 479.973816 277.183441
005095 0.017559 99.586609 242.664078 480.825439 308.244629
005123 0.005088 478.716675 99.142120 494.525513 158.181274
005123 0.010956 7.595970 113.198654 21.044384 189.486649
005123 0.888194 13.662445 87.909134 488.633606 195.727921
005141 0.006448 406.387390 64.603767 489.444153 239.646301
005154 0.869001 6.295441 78.426575 366.482208 267.214722
005157 0.012115 18.318008 91.592033 490.991272 212.489410
005172 0.915950 75.578842 72.280624 491.951538 333.000000
005213 0.005957 386.632263 142.505096 486.941162 306.323242
005218 0.011257 1.000000 53.527664 385.224365 341.548096
005234 0.015215 390.659973 161.049957 500.000000 219.834595
005240 0.010092 76.629494 193.506683 130.759430 262.492279
005240 0.164348 58.868004 172.132858 198.419891 290.474121
005240 0.902918 100.139786 121.668442 471.130005 343.711914
005251 0.831986 1.000000 40.920753 414.964722 216.419220
005251 0.103932 40.797546 135.055023 376.107086 296.163177
005251 0.053497 24.964600 1.000000 500.000000 245.779297
005251 0.030311 1.000000 64.285233 446.732361 333.000000
005256 0.006991 33.149117 160.626862 150.562469 320.177063
005256 0.968553 28.889481 21.952484 473.070984 332.000000
005280 0.011461 472.312286 99.356560 500.000000 177.749939
005280 0.022557 106.046417 142.896210 167.414795 177.044525
005280 0.011881 167.900787 149.298996 188.435120 179.837418
005280 0.007105 337.503174 140.145508 398.044434 181.136993
005280 0.039603 417.310425 144.911606 468.351685 178.727249
005280 0.202537 477.006714 143.096375 500.000000 190.945160
005280 0.015752 56.740051 124.011719 200.477142 196.746948
005280 0.888495 182.360901 105.063095 422.598389 207.477676
005330 0.802980 9.497345 146.577332 408.563904 247.855530
005341 0.012090 6.321991 3.630814 500.000000 312.698914
005359 0.006359 12.620552 201.213562 43.644981 306.175720
005359 0.005132 10.133659 112.319366 64.961433 309.793793
005359 0.869188 1.000000 60.373352 340.455170 427.886993
005386 0.006715 396.580872 1.000000 491.422852 375.000000
005390 0.010134 75.159607 256.206177 116.752533 302.553345
005390 0.018585 467.754242 259.284851 496.175201 304.364990
005390 0.005924 4.024811 196.319748 185.093628 294.333862
005390 0.029202 1.000000 216.949203 293.531250 312.785400
005390 0.903493 123.436890 213.086517 456.665466 318.029083
005402 0.005781 319.074860 123.153427 488.508148 231.068832
005422 0.006560 358.592773 148.587418 442.806519 189.217239
005422 0.827783 29.024567 96.773346 331.514648 246.170624
005422 0.005589 43.815170 109.843407 500.000000 283.237732
005435 0.047230 119.309921 104.004074 247.732315 250.618393
005435 0.049733 172.812531 105.171844 281.956329 245.760437
005435 0.008044 264.102295 90.558060 347.953674 263.887878
005435 0.039787 81.745026 97.659264 357.662323 258.322571
005435 0.046956 23.911331 218.383850 355.641541 391.057678
005435 0.169403 18.359680 47.698334 371.709442 448.992554
005463 0.014575 6.255703 117.326363 25.487335 203.081848
005463 0.011697 475.370361 146.015305 497.309875 181.411087
005463 0.967257 11.996246 30.359146 478.892700 270.482910
005488 0.008045 30.343765 23.467957 482.143433 327.357361
005504 0.005171 426.112366 174.022949 480.291565 238.109985
005504 0.007740 419.099823 201.659531 485.825897 276.188202
005504 0.762893 2.362549 152.084885 433.653900 285.327454
005504 0.009980 1.000000 105.438034 499.339325 333.000000
005561 0.070644 66.029846 132.686951 375.000000 500.000000
005569 0.006259 78.641556 225.372070 114.825867 252.499786
005569 0.098338 104.145622 240.077866 227.598267 277.544525
005569 0.026567 165.897522 239.675873 241.038055 278.129913
005569 0.037132 98.363380 227.722519 316.317169 288.872375
005569 0.006459 161.093872 282.436371 337.022156 376.849457
005569 0.751829 69.430527 220.497009 413.000000 350.935974
005569 0.105153 46.646667 176.600388 413.000000 493.743713
005616 0.137403 1.000000 32.380692 390.648010 187.627258
005626 0.026196 8.272633 86.426758 39.757885 248.017334
005626 0.042844 472.263184 127.520020 497.462646 227.487244
005626 0.053781 483.591583 158.646515 500.000000 252.785889
005626 0.293166 2.221001 48.142708 65.504959 284.760468
005626 0.005323 456.335663 91.687126 500.000000 317.090088
005626 0.921696 32.575195 41.903351 490.539124 324.676208
005643 0.010197 485.539764 167.401291 500.000000 247.735886
005643 0.012445 1.000000 101.021225 223.845734 171.749802
005643 0.008685 267.405701 145.559814 397.361084 264.958099
005643 0.944674 9.778305 101.891693 483.035767 296.911896
005659 0.006494 485.925385 93.117905 496.403595 179.134476
005659 0.022711 75.880165 173.411011 128.017075 219.161133
005659 0.430473 83.899803 168.567093 186.951172 212.875473
005659 0.008246 280.144775 74.026642 458.000854 197.006775
005659 0.679209 1.000000 145.011261 89.561386 236.670197
005659 0.008096 8.118645 161.363998 188.261017 228.708420
005659 0.785930 90.857162 72.779785 493.933594 272.128601
005659 0.014323 50.876816 133.216614 390.460693 252.122772
005663 0.006426 269.743225 191.206802 478.850342 294.040771
005663 0.013296 98.083313 161.552597 489.111145 321.197754
005684 0.006788 17.836136 62.318535 291.369934 216.540344
005689 0.005525 347.540588 151.056152 466.352173 315.870941
005689 0.006439 256.791809 75.122330 487.625610 363.457397
005689 0.959962 19.795914 20.331589 474.888855 369.923279
005690 0.857575 7.312820 124.410599 436.648254 213.842239
005751 0.005709 486.788544 53.940845 499.634430 125.852844
005751 0.005121 233.227753 129.043488 276.989716 160.104584
005751 0.005363 209.884949 151.447083 240.231659 197.523926
005751 0.617668 227.694656 133.736465 297.541870 207.767441
005751 0.007119 309.770538 158.182648 421.692780 202.311554
005751 0.010857 478.235199 146.866272 499.046417 207.212524
005751 0.008711 321.623383 176.736008 410.506073 210.268021
005751 0.013304 482.609894 187.005539 500.000000 218.747269
005751 0.017190 64.665604 129.139984 267.261108 213.892487
005751 0.132871 257.478149 137.207336 476.779602 212.854309
005797 0.005855 282.818970 44.244942 356.358459 92.904030
005833 0.019880 62.760269 133.087982 430.127014 287.116333
005835 0.039790 7.074890 1.000000 478.456116 184.849609
005837 0.014928 1.000000 139.584183 23.070885 237.244370
005837 0.007692 1.000000 76.932594 56.227303 301.246826
005837 0.870845 20.225204 25.063324 345.645752 346.732056
005847 0.028497 465.721436 121.582108 494.618042 226.935226
005847 0.073435 472.200592 160.016815 498.339081 236.926239
005847 0.007259 443.607117 76.328285 499.325867 261.620331
005847 0.009721 59.529942 135.352356 140.659317 266.432312
005847 0.924491 95.404510 53.505592 473.907013 287.670166
005855 0.006339 4.557506 124.514954 19.022619 186.962189
005855 0.010330 265.546417 134.559814 304.079010 174.589874
005855 0.129250 292.953369 133.061264 366.434021 165.209457
005855 0.017655 337.903564 133.605072 400.327393 162.275909
005855 0.459621 359.658539 122.564301 460.454437 167.729248
005855 0.058251 483.363312 147.910858 498.135223 173.377350
005855 0.009181 243.962692 118.109474 408.835083 177.306839
005855 0.810503 18.725494 81.178543 317.888153 199.303391
005855 0.036988 89.361237 102.791428 476.796906 184.872665
005890 0.008984 247.484299 105.277390 317.404053 156.840683
005924 0.039296 76.030701 63.515900 420.929779 264.254059
005933 0.031643 141.151962 173.052017 205.475204 194.148392
005933 0.013717 194.310791 167.344391 231.846832 191.535278
005933 0.007667 317.629242 157.791214 402.842499 195.904587
005933 0.006810 7.313912 176.879822 20.386759 230.883667
005933 0.006500 53.417194 181.651474 137.386581 209.691666
005933 0.011745 108.888565 180.931305 175.738846 207.511719
005933 0.055050 156.691605 186.023376 193.594589 208.722046
005933 0.010991 194.256805 186.323730 215.398895 209.870758
005933 0.013339 244.592209 175.616287 340.926392 217.110886
005933 0.044875 281.103577 177.430450 370.740540 220.081909
005933 0.020406 324.941681 181.819443 391.831146 218.219101
005933 0.029604 381.082031 190.017166 439.435608 217.642838
005933 0.008054 408.045502 192.952759 474.209869 226.877441
005933 0.007842 12.505890 165.455994 188.144775 231.112549
005933 0.821184 192.315155 156.609619 412.468170 221.439606
005946 0.007813 124.679550 28.177338 457.193298 264.901550
005978 0.005725 251.949799 104.533920 480.687775 151.968216
005978 0.086125 87.728073 102.950890 491.777100 182.727753
005986 0.009121 469.201294 41.311203 487.603943 70.617493
005986 0.946787 56.786270 35.310379 431.186462 300.888672
005999 0.073068 477.019653 139.990417 500.000000 266.529663
005999 0.008728 381.730347 126.736824 500.000000 280.179962
005999 0.831565 45.852753 61.301598 458.695709 268.324768
005999 0.273039 210.912827 109.817390 500.000000 285.287506
006002 0.005753 20.987167 91.045135 489.523193 300.070648
006013 0.010563 172.245590 243.045959 248.892319 274.059326
006013 0.152250 138.542709 243.862579 500.000000 378.000000
006047 0.022231 8.932857 76.425797 29.904980 193.898148
006077 0.006264 181.041458 165.603424 268.288147 219.555420
006077 0.013227 259.690735 169.284302 295.921448 219.715546
006077 0.821077 179.592468 138.410400 296.680420 230.270264
006109 0.012168 257.592590 212.319885 400.640564 309.283752
006127 0.904212 15.276886 127.060242 310.398499 425.978088
006138 0.018023 262.767883 143.977066 328.067505 177.492355
006138 0.013766 280.239532 129.433380 360.766083 173.449280
006138 0.009704 261.747070 162.831375 312.446045 194.818619
006138 0.009665 289.966431 160.561111 357.215210 204.593613
006138 0.019242 285.465820 88.224808 445.924683 203.799942
006138 0.005282 294.682861 133.423767 441.729919 235.737030
006138 0.864212 1.000000 65.488838 251.242340 221.445557
006154 0.005983 12.800873 174.702209 67.657150 341.520203
006154 0.902221 15.418015 70.162643 373.680603 438.070251
006191 0.011936 118.549599 106.363235 298.043030 251.419601
006191 0.822631 22.291718 77.493370 304.745026 284.265289
006204 0.094225 108.933456 186.548187 164.774612 224.168457
006204 0.746751 117.714905 178.723267 191.251221 230.597168
006204 0.641986 163.050751 176.948257 224.963867 232.711411
006204 0.017681 191.139786 182.451263 245.545425 233.215851
006204 0.143861 204.106476 168.984146 315.255219 255.653336
006266 0.009397 66.659866 1.000000 500.000000 82.463684
006266 0.005924 1.000000 29.482079 359.344604 111.425056
006278 0.947305 58.949631 41.315353 470.835876 310.516113
006311 0.047925 144.320877 34.592178 448.000000 214.710007
006317 0.024326 33.127411 10.722290 394.466888 343.981750
006356 0.029296 2.256523 141.660431 24.102180 206.550385
006356 0.015034 1.000000 183.014740 14.973961 218.863037
006356 0.945246 7.807709 70.709625 500.000000 265.545135
006372 0.958748 183.380722 35.483475 488.393677 318.706970
006407 0.038931 26.235901 85.042191 388.428040 349.123840
006410 0.064362 172.826523 166.779816 249.344925 219.825745
006410 0.165222 237.935791 165.507324 319.883850 215.890472
006410 0.081749 165.965820 151.453827 341.463562 227.626465
006410 0.025723 30.158287 165.877838 177.421722 276.566284
006410 0.354673 275.550385 162.658051 461.238922 269.667877
006410 0.360545 5.192459 146.037857 278.746277 249.800400
006410 0.807943 62.787842 151.674973 443.985535 233.410812
006410 0.053476 83.176254 154.575226 491.807434 373.982574
006416 0.006242 229.446609 194.211594 267.853027 230.865829
006416 0.015522 469.736664 187.786011 491.752838 246.572205
006416 0.005040 170.880020 152.886108 331.694641 261.109467
006416 0.015296 231.793640 161.574448 421.687012 256.189453
006416 0.176824 106.225708 149.950714 475.208740 271.058929
006416 0.006416 72.164062 63.825775 500.000000 333.000000
006423 0.007477 322.180969 133.706268 489.479431 231.380615
006423 0.010851 45.522385 109.401360 463.890869 261.629761
006485 0.008644 203.650284 144.079071 242.635086 206.477966
006485 0.174116 369.834595 143.503342 459.844727 170.088364
006485 0.836628 197.192963 117.669342 281.055084 232.012878
006513 0.853547 145.358719 296.675171 292.899597 387.447327
006531 0.010152 184.678406 95.444519 247.134918 119.885483
006554 0.010869 189.903366 140.649017 390.935059 278.487091
006554 0.005767 2.613220 184.862961 143.450089 308.426239
006554 0.878684 113.372086 110.064560 465.825623 306.682312
006581 0.010407 219.076080 165.182892 319.397491 212.454041
006600 0.012886 4.665535 90.056404 37.177448 149.683884
006600 0.013144 14.202801 104.093903 99.398468 146.829559
006600 0.009046 7.449403 121.570419 24.740826 161.441635
006600 0.057176 23.504211 123.074509 93.739265 156.023819
006600 0.124331 113.676712 95.643997 177.711319 183.708878
006600 0.025761 374.153473 108.436020 437.296967 179.792587
006600 0.052725 418.852478 108.408882 479.921570 180.863251
006600 0.048308 461.534760 97.432465 498.457245 189.671844
006600 0.029852 452.201416 13.515671 500.000000 212.010849
006600 0.389076 105.918617 90.155807 242.800110 187.898422
006600 0.043339 196.072525 85.061554 312.112793 202.201202
006600 0.005099 396.450165 93.410583 493.122040 195.805267
006600 0.019516 217.584030 20.159805 451.486389 215.562546
006600 0.065171 64.960190 97.175354 366.284973 185.339813
006600 0.648712 224.779312 88.087334 492.589355 185.338745
006601 0.010416 1.367435 169.566757 21.201988 222.838913
006614 0.108230 10.106522 25.409424 326.000000 479.674530
006629 0.015190 1.256128 21.507397 40.576050 89.441437
006629 0.011164 1.000000 49.304722 24.327717 120.396744
006629 0.011561 468.260071 39.006630 492.920654 142.053802
006629 0.009764 467.301544 96.604904 489.974091 172.324142
006629 0.015385 461.201935 116.011398 493.547577 209.848587
006629 0.006107 393.693054 22.909935 500.000000 165.192322
006629 0.007535 435.627106 76.389473 499.490997 255.984497
006629 0.040965 297.164337 8.160156 497.531708 272.677185
006629 0.010627 63.522079 1.000000 376.239441 209.372528
006629 0.936165 85.368301 3.584579 486.678223 315.248901
006633 0.008392 190.696091 73.454773 378.853455 148.521149
006633 0.083556 123.101105 56.180676 465.606354 153.066284
006669 0.009042 482.363129 140.769974 496.387482 210.841690
006669 0.876168 4.247757 66.014328 500.000000 326.850830
006680 0.013471 1.000000 33.918839 142.182404 351.266663
006680 0.937029 43.038422 19.409027 437.734497 350.573090
006711 0.383858 381.629120 58.400833 486.023224 375.000000
006711 0.161529 23.551682 2.505966 455.938110 375.000000
006715 0.019379 12.883028 202.038956 49.672180 239.572525
006715 0.011568 6.354895 212.834290 56.327728 287.540955
006715 0.005611 37.438011 205.034363 83.461433 298.463806
006715 0.006469 266.669312 137.879791 341.631165 362.289032
006715 0.012862 15.247272 44.547775 109.684875 393.277588
006715 0.970118 45.628006 53.564407 317.247375 432.093079
006763 0.005045 464.024902 70.901367 496.132019 199.503265
006763 0.005948 470.499695 139.341934 497.543701 215.306564
006763 0.011074 4.469459 181.375610 19.763016 244.608429
006763 0.013601 397.054657 72.121918 500.000000 200.106537
006763 0.007827 445.072968 44.873802 498.247467 223.428162
006763 0.889526 4.628296 108.012718 364.641235 246.714722
006775 0.007812 1.000000 1.000000 459.982422 87.694710
006785 0.007553 3.606088 120.417450 34.516827 261.213593
006804 0.113583 25.946304 10.994797 368.545471 482.477966
006857 0.015931 100.162781 43.377228 477.298340 334.000000
006957 0.009157 8.031960 154.698853 28.734688 238.087616
006957 0.006960 9.079662 186.930191 37.723602 257.521606
006974 0.022629 4.085342 46.160713 413.274719 217.191681
006978 0.013105 143.252487 200.665512 204.714951 259.909851
006978 0.194459 173.013214 205.800003 305.734711 274.042450
006978 0.839154 12.359909 195.714386 312.153381 271.908661
007000 0.007883 70.886932 29.695641 371.661224 209.728241
007013 0.005605 93.062302 4.126389 496.053406 327.593323
007037 0.006274 110.260727 174.720291 155.328415 228.548447
007037 0.006118 310.768188 168.407211 341.089417 231.131821
007037 0.005597 16.362564 206.786896 96.188499 270.641876
007037 0.863124 51.018341 120.417534 353.476105 252.677246
007060 0.009192 33.914032 38.488007 474.718353 354.787964
007085 0.005664 341.813721 136.896362 411.255859 158.092438
007085 0.015178 334.973602 144.431747 409.173920 166.731705
007085 0.010451 355.649780 147.481461 443.634338 170.140854
007085 0.892637 31.405624 144.848480 475.301819 183.323578
007085 0.127599 175.692581 141.508835 500.000000 197.582657
007085 0.008439 65.329300 160.924133 500.000000 215.994537
007103 0.009934 130.590637 81.198059 336.000000 483.672668
007107 0.014928 281.494293 202.903381 358.224762 252.841766
007107 0.013857 167.456146 204.137527 353.563446 265.883057
007107 0.006585 363.236420 171.311661 500.000000 268.598969
007107 0.007003 233.915970 222.328888 488.452942 278.775909
007107 0.696268 171.768784 189.923523 497.705566 269.790680
007120 0.009043 15.914505 34.703186 479.306274 309.943939
007127 0.429803 146.623459 151.557343 452.945007 251.574249
007135 0.010641 212.877396 196.350037 439.669617 223.506042
007135 0.009422 61.882217 219.924255 449.343933 263.915314
007142 0.006503 10.044985 165.156326 25.377600 252.750839
007142 0.007262 35.141579 166.209930 69.173164 252.232117
007142 0.007978 244.804993 162.338516 264.418976 259.925934
007142 0.887342 31.011543 86.290733 212.423553 320.750610
007142 0.948472 240.753250 70.155228 443.999817 313.368042
007151 0.015218 54.345016 17.283157 438.593140 375.000000
007156 0.005123 242.778320 138.314651 335.900635 189.551559
007156 0.008583 295.137451 139.732635 360.007507 186.892426
007156 0.010955 142.765106 180.704407 192.209961 205.536163
007156 0.025147 191.127869 183.094208 229.019531 207.844391
007156 0.161526 231.833023 164.879257 283.351410 211.228745
007156 0.062247 254.426117 163.070526 311.622894 218.314484
007156 0.008533 301.766266 160.136353 346.525848 217.024750
007156 0.040806 207.502014 138.880554 362.394714 220.975037
007156 0.014056 209.935043 33.743088 457.270020 278.602234
007156 0.723731 173.606827 119.894196 499.931396 233.428406
007195 0.005259 120.862770 111.306786 220.788361 166.088531
007195 0.006249 73.611107 125.711708 265.134644 176.335602
007195 0.049167 68.768005 107.058609 417.915222 172.940994
007202 0.006621 30.123383 108.231667 405.076538 234.332458
007206 0.080898 33.314487 197.429947 100.833939 251.321487
007206 0.104198 8.564468 166.444458 123.629059 266.431335
007206 0.905491 106.843346 148.372131 256.649597 299.297058
007206 0.030278 252.209839 146.414307 346.991882 271.203339
007226 0.278752 3.902585 146.543533 28.896713 227.728561
007226 0.019849 9.333061 157.907104 94.219742 216.964844
007226 0.013487 4.354076 190.233658 102.044037 223.819473
007226 0.914182 31.610229 58.134399 465.745728 252.753113
007235 0.010472 1.000000 1.000000 500.000000 72.555923
007278 0.005921 462.501282 220.886230 493.647339 256.600616
007278 0.040723 3.545319 175.290085 498.442230 257.963135
007278 0.017614 65.150238 208.356506 498.577423 277.033356
007304 0.015892 152.146088 65.001846 333.000000 440.307190
007313 0.005359 26.440643 42.586807 375.000000 482.261719
007349 0.017198 409.433533 186.151031 484.493164 273.090332
007349 0.010984 487.632477 149.907822 500.000000 302.361694
007349 0.006793 97.734901 82.731056 235.239960 224.473663
007349 0.005639 83.673233 155.889404 192.369156 299.226837
007349 0.897708 94.773529 21.004898 496.329315 375.000000
007367 0.007447 144.460556 179.304047 261.485718 219.870667
007367 0.010529 267.848419 179.921143 385.905304 213.811005
007367 0.206368 101.630859 179.757172 306.619934 233.823883
007367 0.016439 242.837341 183.065552 426.317688 238.832977
007367 0.051286 107.087967 182.098740 458.732056 246.883316
007382 0.010356 470.413239 136.072754 497.943634 202.080414
007382 0.850318 160.384460 94.762840 325.837219 303.867798
007387 0.005436 482.111481 86.813873 496.412994 178.806641
007387 0.964336 29.593445 20.071678 479.988373 238.419464
007428 0.010819 123.239410 26.339478 232.957581 217.293381
007428 0.052304 73.548393 1.000000 283.652344 231.000000
007430 0.979192 66.792450 9.187515 416.209442 301.196533
007450 0.433826 1.000000 197.926285 143.089096 246.229263
007450 0.005940 1.000000 177.456543 91.606186 263.351379
007450 0.008129 25.264946 196.886139 228.933685 253.043335
007488 0.008926 1.000000 135.465012 9.436707 242.560440
007488 0.010418 1.124099 195.132080 8.277330 270.061462
007488 0.952575 30.828842 9.392838 484.609924 374.136719
007507 0.058523 278.669434 181.768417 311.869507 218.522232
007507 0.006670 218.609375 1.000000 358.894714 375.000000
007518 0.005517 1.000000 130.615997 268.730652 254.076233
007520 0.008891 15.593147 29.491257 263.417603 346.000366
007520 0.778842 31.783630 1.000000 472.308014 375.000000
007541 0.009785 1.000000 162.016144 102.366783 290.385284
007548 0.006292 305.141449 246.243042 498.582611 368.713806
007573 0.007530 307.808533 23.417694 496.505920 288.517273
007581 0.005588 473.752533 164.802216 496.194061 318.141754
007581 0.342221 319.201843 110.950180 485.200623 312.120728
007581 0.041337 458.171143 118.743073 500.000000 333.000000
007581 0.940418 17.772797 46.436966 328.408630 292.980042
007581 0.184599 136.830231 96.752853 500.000000 303.309998
007597 0.008457 24.831909 63.995003 474.828400 220.037689
007597 0.070533 1.000000 23.952255 500.000000 313.224182
007607 0.012135 207.970673 136.411850 265.000183 221.431625
007607 0.013188 150.573288 64.772736 315.240540 442.178314
007686 0.007606 150.973007 197.993210 187.423630 256.464355
007686 0.006266 3.134624 236.836472 98.989853 266.661407
007686 0.102136 114.327194 228.045410 157.907425 274.383331
007686 0.536731 145.378372 234.442612 183.927658 281.168274
007686 0.007119 176.218399 238.008560 218.484482 279.471039
007686 0.006173 28.701302 272.368591 68.371330 313.354065
007686 0.016569 160.347092 257.223297 183.983902 288.735504
007686 0.012384 269.755524 283.711884 313.634552 316.674042
007714 0.005298 459.742432 135.125687 494.830444 185.625198
007726 0.974751 37.338516 21.116943 313.091370 489.927460
007737 0.008325 48.964058 275.319489 97.509651 322.201630
007737 0.015802 9.138533 299.757416 56.254257 363.666351
007737 0.020860 42.977715 297.377625 101.241631 359.980469
007737 0.008222 9.330866 329.118225 62.306885 382.616333
007737 0.007326 116.855827 181.859253 260.096344 313.518646
007737 0.040192 2.204327 269.847595 122.840439 381.181274
007737 0.028516 45.858932 171.488525 346.970337 339.144684
007737 0.849685 71.779404 220.134796 371.538025 432.249298
007752 0.011373 7.328690 1.000000 415.977478 329.251648
007764 0.009218 408.044006 124.385391 491.770203 190.972488
007764 0.025365 13.542320 114.883774 125.473473 220.638809
007764 0.009169 399.955200 127.856323 492.673584 257.544556
007764 0.577991 82.611465 74.077873 413.748291 228.878326
007771 0.009323 3.382117 117.203918 20.032436 180.701843
007771 0.010252 13.192844 128.316910 101.099319 165.747025
007771 0.128590 179.405380 135.302399 328.250488 166.973053
007771 0.051996 290.947906 140.281494 353.857086 167.127869
007771 0.005071 192.503815 155.182373 310.975403 199.787598
007771 0.005631 252.981506 157.339218 321.722412 198.538620
007771 0.010790 301.931396 163.405991 347.014526 202.407822
007771 0.384667 61.881233 130.208237 288.546906 174.970352
007771 0.010806 64.448189 143.917801 275.520203 206.842758
007771 0.020175 91.195602 118.906410 475.716614 184.443787
007771 0.008705 7.738907 133.784912 339.481384 224.417480
007771 0.024631 1.000000 1.000000 364.211914 349.320129
007784 0.087130 464.384399 39.475044 500.000000 127.152718
007784 0.037329 8.670624 89.905533 42.755600 150.215912
007784 0.006188 26.054564 92.844345 72.656837 143.072800
007784 0.072857 467.938171 73.202530 500.000000 165.437653
007784 0.111633 465.748322 116.020180 500.000000 196.491455
007784 0.009426 466.638977 153.036224 497.844849 209.022461
007784 0.007291 1.000000 59.078915 117.633705 181.754608
007784 0.024814 448.882935 25.444084 500.000000 215.167511
007784 0.946158 38.496216 20.693916 486.173279 211.208160
007796 0.112268 68.344818 121.691910 500.000000 334.000000
007804 0.012075 239.890076 23.338211 491.917358 330.630432
007804 0.924437 1.000000 22.899170 439.827209 331.354736
007852 0.018395 473.037720 182.480850 498.413147 324.639465
007852 0.009735 398.190430 190.125580 500.000000 312.855804
007852 0.014111 444.058746 156.201935 498.769684 353.637878
007852 0.006747 372.349182 1.000000 494.058594 309.409149
007852 0.875580 44.461197 174.674561 469.866150 374.413208
007858 0.017775 19.178894 1.665283 164.919724 285.626007
007861 0.005773 410.849548 51.168907 474.480835 82.816902
007861 0.009719 390.430573 15.029953 494.137909 216.157944
007881 0.026224 473.905273 127.391159 497.510986 207.765335
007881 0.856640 23.918152 43.313812 491.915588 270.755524
007945 0.008655 5.429292 186.256454 28.791065 263.808411
007945 0.005410 94.034103 130.514771 254.227249 249.054565
007945 0.010632 232.212677 137.565735 416.781830 258.839142
007945 0.900606 80.870956 117.212715 437.851746 277.606415
007952 0.006780 294.229797 89.981400 331.848999 147.762863
007985 0.005507 1.000000 1.000000 494.499573 244.053650
007992 0.022349 67.604691 195.887177 500.000000 333.000000
007994 0.253249 21.377747 22.689156 482.140625 219.614319
007994 0.007631 1.000000 79.264458 299.783569 217.444580
008065 0.009764 452.660370 211.685852 492.436493 283.460022
008065 0.006308 373.317749 258.037231 441.934631 291.403259
008065 0.029453 401.097076 259.145142 499.433319 296.142761
008065 0.014240 463.817596 256.001343 493.455170 305.827148
008065 0.080281 86.595078 244.265503 422.793396 322.908875
008092 0.005723 382.225922 150.554398 415.580292 223.141800
008092 0.840758 393.256927 109.852036 500.000000 242.139542
008092 0.042665 182.380127 119.958328 484.726318 229.126602
008094 0.008994 1.000000 36.613846 255.031555 367.027222
008104 0.006663 177.262131 106.460251 477.347595 263.799988
008143 0.008944 1.000000 219.144547 368.418304 339.477356
008154 0.008957 472.428497 119.131477 495.803436 228.122528
008154 0.921547 1.000000 101.425003 500.000000 271.738525
008158 0.013391 259.932373 13.128654 332.684448 211.432587
008165 0.199852 338.801636 97.276878 492.376465 252.272797
008165 0.930117 9.175049 68.790756 394.101837 289.658691
008170 0.006313 48.293411 44.348389 466.023193 350.278961
008185 0.005735 222.855515 3.449717 333.000000 31.990660
008194 0.942946 52.729630 136.052597 425.538391 335.459412
008212 0.010384 4.075455 97.312958 138.556580 483.041901
008234 0.006055 259.332336 147.851501 328.014221 219.891418
008234 0.726537 20.284691 94.695305 187.142792 256.985413
008234 0.010676 188.521317 115.730736 291.756866 251.227112
008234 0.093353 233.029785 131.113724 365.326904 246.904800
008234 0.313835 371.218628 138.774048 487.721985 259.387207
008234 0.011447 114.648285 20.900223 314.769897 284.856384
008234 0.108649 41.290070 71.546494 387.758301 244.973618
008234 0.005787 181.915222 125.613693 479.288696 255.109512
008234 0.023268 1.000000 1.000000 431.525452 332.352661
008237 0.022180 173.378723 69.294724 288.666626 179.428833
008237 0.007277 301.517914 109.067352 400.000000 205.655914
008237 0.033296 269.047760 150.613495 385.190216 216.498535
008237 0.341955 82.071510 49.872406 324.967316 197.769440
008247 0.067866 1.000000 84.190491 16.556177 258.445953
008247 0.011604 430.010345 126.613014 477.604828 210.715454
008247 0.245518 467.569000 127.126434 498.178864 220.678528
008247 0.028296 482.870636 151.058746 499.805084 250.656738
008247 0.009887 406.909668 88.539444 499.635681 249.062790
008247 0.015783 1.707451 58.727203 43.356491 333.000000
008247 0.009222 1.000000 1.000000 68.513069 333.000000
008247 0.279065 9.336758 1.000000 123.767624 333.000000
008247 0.904494 58.189529 18.052231 464.953796 333.000000
008266 0.965709 12.328613 83.880035 437.397034 319.548462
008286 0.007575 291.941833 153.007645 367.201111 197.862106
008286 0.011363 261.522583 142.943542 384.611633 271.520844
008308 0.008789 138.924835 162.136597 223.620514 186.421387
008308 0.012907 172.650574 159.232635 246.396912 189.264374
008308 0.018452 310.809021 161.217163 364.230957 195.621429
008308 0.007217 118.519920 182.827316 167.547638 208.514847
008308 0.009466 133.399902 175.916687 211.877960 210.759918
008308 0.005324 326.020020 159.481903 488.284241 237.068665
008308 0.009340 91.372498 55.985085 352.374695 279.260376
008308 0.748348 98.626648 120.443016 387.153229 228.955841
008331 0.006540 88.705307 148.638916 118.585892 239.056885
008331 0.011463 377.693268 163.508606 450.313324 242.908783
008331 0.012768 486.944275 143.184616 500.000000 232.924057
008331 0.005237 213.289474 136.006271 371.728394 292.133789
008331 0.886661 366.403015 145.579865 461.789734 286.201355
008331 0.950062 79.611145 82.058434 391.985901 323.944458
008339 0.010743 212.663544 179.942642 283.414032 210.508957
008339 0.787571 68.430923 143.638229 377.899475 226.216354
008339 0.013106 64.911270 184.090500 419.735962 240.056870
008375 0.008336 1.000000 390.877319 27.541710 439.991455
008375 0.106583 10.220722 368.530273 59.989803 456.129761
008375 0.007958 37.591118 355.993347 94.579170 456.172668
008375 0.034673 3.635529 341.348389 80.070267 477.702515
008402 0.006576 11.431168 1.000000 275.604858 272.558289
008412 0.006729 481.618683 81.526184 499.296173 189.416748
008412 0.020771 8.940390 158.039795 35.018959 196.623077
008412 0.018258 15.591846 160.027405 99.665695 196.918701
008412 0.041722 42.510681 128.973053 310.969330 207.927063
008412 0.028232 318.195526 106.431519 498.529449 200.944977
008412 0.865252 1.047470 104.715240 492.720398 207.800415
008435 0.017728 6.198248 85.288239 23.493944 189.059174
008435 0.041780 51.013454 97.935127 79.656013 179.248840
008435 0.045042 70.494850 104.204651 104.643288 180.538025
008435 0.008074 467.832336 108.119400 488.483154 148.174408
008435 0.024114 4.797858 124.149406 25.253269 220.376953
008435 0.020822 49.208649 135.001755 76.222206 196.320938
008435 0.094282 83.873863 137.459320 108.566795 180.312805
008435 0.012935 154.778549 146.560303 256.727203 196.724487
008435 0.090620 409.635437 148.929031 483.464844 210.275894
008435 0.022026 271.875671 175.913696 335.157471 222.272797
008435 0.044176 298.665863 180.289169 351.818939 224.552292
008435 0.009404 336.724396 181.338364 379.057587 219.088150
008435 0.079508 415.547211 173.146347 474.917084 217.227493
008435 0.120197 455.810913 169.627930 495.016968 223.214386
008435 0.024189 1.336620 28.336655 55.918747 232.824661
008435 0.020169 14.714073 48.225159 91.193474 218.723389
008435 0.008362 59.564629 61.454605 201.773315 190.531052
008435 0.006617 387.650970 71.624359 497.185272 198.465118
008435 0.775492 125.204987 125.231522 294.116028 222.814224
008448 0.063764 3.005624 215.998672 23.715393 325.089478
008448 0.035957 9.632151 262.226654 34.281349 333.488922
008448 0.005691 2.827482 148.456146 50.309494 375.000000
008459 0.005139 13.234451 265.971924 185.980301 343.030457
008459 0.028189 1.000000 268.846924 453.811951 375.000000
008473 0.008825 409.387756 116.728035 477.204895 184.844482
008473 0.008370 482.508789 99.817413 496.854553 210.996948
008473 0.008511 485.518097 138.013077 499.431793 237.905106
008473 0.005148 381.108490 94.164810 498.673065 211.297012
008473 0.050232 330.511627 122.656868 493.427032 253.508545
008473 0.855513 7.472687 15.215988 402.084534 338.114136
008500 0.014833 1.000000 59.259979 23.303967 121.393661
008500 0.388361 2.902912 78.645737 35.292149 162.450851
008500 0.016986 409.600525 120.227844 427.552368 186.559937
008500 0.015421 1.000000 50.099007 42.991783 186.727020
008500 0.970323 7.675781 37.452911 424.416199 209.320770
008531 0.007643 5.578484 144.096588 38.739468 183.800079
008531 0.906779 150.609894 76.242119 332.302094 273.187714
008552 0.135940 1.000000 240.841721 333.000000 397.946533
008552 0.906427 8.540024 36.205856 314.689941 444.756531
008560 0.324770 174.287155 67.981102 344.503357 268.505280
008566 0.006792 70.283447 65.430695 363.403442 252.877197
008580 0.009026 114.449127 146.537262 311.136292 268.290894
008580 0.015568 199.727600 137.605164 399.715576 274.942291
008580 0.866378 38.703781 123.812965 408.051025 294.623413
008630 0.035499 113.091904 74.860527 416.175842 282.464813
008648 0.019562 7.893982 4.275635 498.441956 331.578552
008658 0.009039 54.131485 1.000000 346.000000 106.398209
008672 0.064129 1.000000 165.432098 30.902420 188.027130
008672 0.045636 1.000000 167.058807 129.830261 188.017944
008672 0.166398 55.312050 167.667572 219.213165 191.944733
008672 0.113022 99.241013 161.810715 321.551147 191.439560
008672 0.023186 262.623505 161.840485 311.235321 187.553375
008672 0.008534 27.665047 175.124832 161.054077 203.964767
008672 0.010239 135.499939 177.771027 278.963898 207.768250
008672 0.006155 174.973633 44.786835 317.499786 139.626862
008672 0.034934 11.041481 156.453568 259.245575 189.774643
008672 0.006319 50.898270 169.716125 299.003174 211.103729
008672 0.295585 26.588730 151.347321 478.201050 192.685333
008672 0.027884 35.344757 161.954346 477.198761 230.538177
008672 0.010726 47.548370 1.000000 500.000000 333.000000
008677 0.964676 14.069412 49.453835 475.811523 271.235657
008679 0.006146 208.486694 152.118744 231.241211 182.644165
008679 0.009786 228.626511 145.945312 263.508850 186.448029
008679 0.492959 1.000000 139.744965 51.047295 223.765991
008679 0.010586 211.179840 167.211609 226.010345 188.982239
008679 0.009238 236.666275 167.385986 255.179947 192.981873
008679 0.011392 6.139697 165.288513 22.923965 281.411865
008679 0.040963 1.000000 58.936584 46.085911 252.132935
008679 0.779066 25.778801 136.082993 187.949921 259.956970
008679 0.022346 1.000000 119.140625 53.688099 312.731995
008696 0.911974 30.544983 25.026016 484.436523 297.000000
008712 0.063441 465.666840 169.451782 496.561005 252.993988
008712 0.005011 112.319359 126.540573 235.496124 219.597153
008712 0.010948 146.263550 120.508911 360.728210 229.755646
008712 0.879953 96.252884 110.700836 464.453796 267.038483
008715 0.009412 432.630341 215.184479 500.000000 333.000000
008736 0.043361 335.953613 95.014938 500.000000 282.924377
008736 0.007468 28.045975 37.150330 390.383606 223.927765
008743 0.018566 1.136839 73.018814 23.017950 182.342392
008743 0.021147 4.428293 127.009041 24.928165 221.675293
008743 0.026687 1.699094 152.566528 27.557484 260.001495
008743 0.010727 27.404684 176.353882 81.956306 245.311523
008743 0.028011 152.594910 199.946304 194.562531 240.617386
008743 0.697942 185.129639 187.653397 265.543243 252.685745
008743 0.010215 252.243866 197.413269 330.065826 245.670044
008743 0.005844 6.326377 195.825623 26.151875 301.984558
008743 0.006873 36.612419 204.309296 80.034019 271.624084
008743 0.018579 75.123711 204.283783 126.878181 258.472290
008743 0.067322 92.406754 205.650970 175.109970 257.183655
008743 0.089182 135.850342 206.516586 200.874725 256.800293
008743 0.062947 280.321381 212.038422 362.146881 260.660065
008743 0.005343 1.000000 109.989258 55.721123 307.796082
008743 0.015207 1.000000 141.968414 106.966644 282.521912
008743 0.015810 18.408897 170.194611 176.153687 259.967529
008743 0.016152 53.160606 197.799789 202.634521 269.825378
008743 0.284759 195.131119 205.537277 380.442444 257.351196
008743 0.016600 209.094055 206.314484 500.000000 277.350677
008782 0.013705 3.057160 160.295654 13.293939 214.465118
008782 0.006544 31.337530 169.900848 73.468674 208.539185
008782 0.017793 63.539993 137.906662 196.574173 249.210800
008782 0.144400 1.000000 116.728455 378.651489 273.188660
008789 0.006439 464.814270 133.922150 491.303467 215.006134
008789 0.010027 470.767181 164.629807 493.319061 242.254227
008789 0.013239 269.364319 114.357018 366.855469 274.715759
008789 0.946370 19.105957 56.949142 385.411407 292.701416
008820 0.031676 62.534096 55.054581 269.396820 381.936951
008855 0.008009 1.000000 165.827133 42.925179 264.224731
008855 0.973567 33.005783 53.020020 314.853333 371.848724
008866 0.039316 5.773969 206.720444 30.152603 249.192886
008866 0.036729 12.656464 215.805664 85.529762 247.989044
008866 0.014406 62.237595 216.974594 137.823257 240.457291
008866 0.147433 103.921585 215.864090 245.307693 243.403152
008866 0.049709 148.369202 212.464142 260.280212 237.094269
008866 0.035864 65.976326 213.137665 277.629181 254.427124
008866 0.006121 79.260391 228.700272 341.550903 277.967529
008866 0.005916 52.003067 257.356506 449.524719 350.326416
008893 0.035707 411.125793 77.068436 480.034485 122.173019
008893 0.009512 467.471191 64.170647 492.918701 142.027222
008893 0.142218 404.860626 103.507782 473.766327 163.692444
008893 0.175539 473.520508 97.280380 499.959778 167.570969
008893 0.008666 481.423950 116.612305 496.396606 199.486755
008893 0.070596 320.474060 46.197231 491.626221 154.822235
008893 0.011249 436.202759 18.030457 498.904053 178.056152
008893 0.211576 378.810394 78.543594 496.719757 176.981308
008893 0.008416 122.117302 141.529175 290.690369 265.646454
008893 0.729483 25.618057 103.341080 474.365295 301.931152
008895 0.010704 1.000000 112.654503 195.373795 326.950531
008903 0.008519 416.399536 136.648499 479.360840 173.379608
008903 0.019924 474.573151 137.002380 498.262604 175.012665
009011 0.015619 161.774841 126.039436 327.599335 245.154846
009011 0.921466 68.623291 118.001816 342.561310 294.928589
009011 0.017070 51.478424 26.296204 445.502441 337.514923
009028 0.009646 3.796946 67.708504 20.215891 171.079926
009028 0.008995 3.528646 102.497620 13.077843 194.617676
009041 0.085374 2.336212 2.374138 353.162720 179.977386
009077 0.006136 95.711578 99.713852 255.667633 184.980576
009077 0.032138 136.726105 123.578476 292.922455 193.634628
009077 0.014668 1.000000 92.705261 304.927124 235.836914
009077 0.013979 113.725647 110.370705 462.567627 225.781586
009124 0.913398 120.913803 62.828308 399.812317 281.373596
009124 0.006566 165.897614 19.811905 500.000000 316.652893
009124 0.019069 72.924011 43.280411 429.039612 333.000000
009134 0.901506 16.829651 74.850670 435.562317 278.863403
009203 0.005105 6.802041 178.386765 23.212250 247.270157
009203 0.005646 23.161644 186.616577 86.586372 243.644501
009203 0.011443 491.137054 172.243851 500.000000 239.775925
009203 0.026656 15.025799 216.417221 85.447678 261.621704
009203 0.889634 13.790573 114.810555 455.067139 288.840027
009220 0.012894 254.004486 132.725159 322.662140 203.503052
009220 0.011080 124.078247 15.768204 298.618500 104.711601
009220 0.008324 174.056671 42.679058 324.636963 139.549667
009220 0.005882 186.226151 73.135124 321.999878 196.251343
009220 0.006992 23.352898 104.787994 157.799438 248.445007
009220 0.014665 80.188354 111.103653 253.372101 231.981766
009220 0.037553 225.056488 111.155075 343.737518 232.980606
009220 0.017877 1.000000 90.882851 65.312904 328.142822
009220 0.009493 195.921631 129.012482 314.347565 276.611420
009220 0.083022 1.000000 18.637115 124.252022 339.687134
009220 0.012981 190.006638 32.917816 382.548889 316.288940
009220 0.018391 57.392471 53.133026 371.483948 221.531250
009220 0.010650 24.132751 117.074348 328.350922 307.734100
009220 0.307144 47.185425 22.526321 450.965546 337.070740
009225 0.215375 27.049088 52.062538 473.086060 176.041168
009235 0.006866 340.496246 251.030869 486.554047 412.492676
009235 0.303872 22.644363 1.000000 456.845764 500.000000
009260 0.014225 57.218208 149.714783 295.408875 246.958466
009260 0.858347 18.985870 139.543961 399.859955 296.786926
009260 0.006325 24.472916 39.879547 453.617249 346.705627
009261 0.008258 242.393265 185.755814 274.986298 207.583145
009261 0.005168 257.675415 182.574646 312.513123 210.752319
009261 0.005649 327.027100 188.286789 481.631531 272.429382
009261 0.039068 317.243408 234.800018 493.715942 312.915253
009298 0.007446 7.314438 13.490784 351.857117 358.631531
009340 0.010623 182.203369 171.100845 250.067139 206.395737
009340 0.007541 475.451599 160.981339 500.000000 199.164780
009340 0.025893 324.129150 211.982178 413.960022 269.462952
009340 0.009863 385.770386 220.386917 420.952332 264.685120
009340 0.012214 123.856293 156.634598 380.522064 231.810745
009340 0.758245 78.746414 169.809372 434.502563 260.857941
009372 0.018642 3.546396 101.263908 41.880379 175.987793
009372 0.156819 1.000000 130.270981 56.828766 206.683701
009372 0.042240 39.431107 147.734787 75.370316 210.770615
009372 0.074293 3.341219 162.155334 39.205238 233.473846
009372 0.069921 51.085995 179.741028 76.233383 215.664337
009372 0.012002 75.929977 183.825531 102.425919 215.816101
009372 0.006111 112.302345 178.732819 165.083649 210.095367
009372 0.012950 112.963928 179.143372 228.419403 212.468964
009372 0.008413 153.205795 178.019455 253.216904 221.002914
009372 0.009062 127.309700 79.106499 306.991302 182.233948
009372 0.196432 1.000000 93.904030 65.061806 243.445618
009372 0.111313 389.912933 66.630501 498.613556 252.145050
009372 0.006227 8.667973 126.092590 91.668060 273.962250
009372 0.008903 281.551849 141.635040 420.173981 262.363464
009372 0.919611 106.081848 142.449142 398.211792 251.220871
009399 0.005278 432.434265 204.964966 468.330627 236.352325
009399 0.009835 30.353493 119.680977 152.622040 284.429626
009399 0.929210 133.033554 59.402733 438.166626 278.475586
009436 0.007081 163.486450 102.516479 200.620300 167.628632
009436 0.859627 163.336578 26.378075 321.643677 267.683655
009501 0.006308 195.743942 120.894897 238.683456 164.773743
009501 0.034414 103.936485 149.231476 162.641403 190.323700
009501 0.010222 7.520157 45.005890 61.608475 297.228638
009501 0.018397 70.567764 117.576324 182.496063 219.587402
009501 0.801260 184.676468 124.078629 269.812134 227.316971
009501 0.075621 273.927979 123.567093 473.860291 216.775467
009506 0.008432 1.000000 9.198334 202.661285 315.783630
009506 0.008204 293.065918 22.051392 500.000000 313.471405
009506 0.005815 30.689026 1.000000 476.015869 128.670990
009506 0.965637 21.862457 1.000000 496.289764 333.000000
009548 0.940380 133.694733 144.026093 303.183075 378.603668
009548 0.868490 1.000000 151.155487 173.265869 402.794037
009555 0.006777 223.015198 76.475754 285.104889 110.506104
009555 0.005157 244.505875 75.256500 330.669434 109.268616
009555 0.006259 129.777206 106.466461 150.597458 124.464584
009555 0.054667 377.533600 92.725685 492.562714 124.461174
009555 0.436167 5.419971 57.995602 128.847260 137.227783
009594 0.007530 41.531357 183.426422 459.973511 353.668854
009595 0.016964 223.407623 1.000000 438.320648 19.718269
009625 0.898031 39.866478 57.138626 288.541748 438.881531
009643 0.028897 88.824890 167.162964 149.143631 208.158264
009643 0.007060 35.634342 188.314941 115.181595 221.893402
009643 0.132095 87.051216 194.354935 157.370575 230.857010
009643 0.032765 80.710587 200.175598 207.352493 239.211243
009643 0.022556 158.372894 198.598633 233.002899 232.656494
009643 0.015720 97.064125 225.497208 203.422577 267.084778
009643 0.048504 69.027458 178.771835 226.336365 251.026321
009643 0.015871 77.590675 202.210953 218.579926 292.050171
009682 0.006956 358.861969 116.319740 453.452545 153.166885
009682 0.023337 392.385437 135.168671 490.685547 181.524384
009682 0.700297 320.209381 113.062759 500.000000 206.091110
009682 0.014177 325.411682 88.451088 496.499634 319.725189
009682 0.006731 208.613617 100.904312 500.000000 225.696609
009682 0.935833 8.826675 105.734291 405.356079 294.216217
009725 0.008753 194.169205 44.886711 482.019714 254.230011
009725 0.026724 152.348053 1.000000 500.000000 375.000000
009727 0.009322 1.000000 176.315674 272.784607 352.601257
009751 0.005825 483.706085 192.387589 500.000000 258.997864
009751 0.948617 105.525406 36.175873 405.833862 318.956726
009771 0.010782 10.833433 50.948425 34.251320 111.719330
009784 0.005269 1.000000 151.372925 16.511894 311.602692
009784 0.013103 238.117432 91.055847 486.796570 372.801697
009784 0.942121 17.061859 77.779480 470.454712 385.000000
009791 0.005307 288.449127 228.819824 365.397736 313.785645
009791 0.005459 230.487259 125.005966 354.120300 245.802902
009791 0.158527 239.801971 218.902466 406.801483 323.125793
009791 0.299869 350.642059 193.654343 430.227997 312.189301
009791 0.006321 345.797333 1.000000 462.290436 323.650940
009791 0.711443 11.192795 224.361649 421.933777 375.000000
009827 0.071329 4.585040 103.601181 34.237244 173.464066
009827 0.189554 8.114163 145.441101 30.007282 195.984802
009827 0.008588 204.932785 156.265778 232.440689 172.299957
009827 0.128381 234.551849 149.259735 262.358978 165.000244
009827 0.437159 279.813354 145.682999 327.471741 174.235550
009827 0.466353 287.191071 149.988800 352.272064 184.399384
009827 0.103254 336.546570 156.323074 394.152527 178.019058
009827 0.007965 431.284729 161.526657 474.368713 199.732040
009827 0.005167 455.771362 156.088425 500.000000 212.169296
009827 0.006227 1.000000 91.423302 57.851799 237.071045
009827 0.861154 37.487442 87.248100 204.218109 229.973541
009844 0.019599 1.000000 75.666817 40.094193 143.302856
009844 0.010823 18.816277 81.867271 82.899246 137.462097
009844 0.008281 42.493629 82.577621 140.738342 129.965973
009844 0.038294 1.000000 91.289581 45.959690 214.672058
009844 0.009298 21.342573 109.516876 77.287643 181.624756
009844 0.013090 6.294458 140.983917 32.077156 228.275421
009844 0.005553 19.867607 67.539963 157.467041 157.303055
009844 0.029339 1.000000 75.408150 99.021187 224.673187
009844 0.027075 184.010376 20.605560 401.927734 300.781372
009844 0.925029 4.633469 19.985748 495.673096 333.135376
009864 0.007788 305.132996 159.340088 362.572693 222.661530
009864 0.006161 259.972412 80.770546 468.595886 149.279388
009864 0.019639 125.551254 158.494522 293.990784 273.230347
009864 0.426893 46.255493 137.100250 376.138733 260.928680
009864 0.477507 10.478333 162.224426 271.226715 373.688843
009864 0.006122 38.964203 90.190567 463.823303 363.323730
009891 0.012972 51.346786 15.343521 500.000000 323.216431
009901 0.012043 1.000000 97.201706 448.020660 364.815063
009921 0.011307 148.431091 155.593704 215.019745 183.983322
009921 0.198963 157.442459 156.891907 279.926239 185.752838
009921 0.010956 270.630005 151.134186 376.729309 179.944580
009921 0.040141 329.943604 152.512527 425.156189 182.296829
009921 0.019368 382.476166 149.821152 499.669281 189.743423
009921 0.018948 134.960922 162.454926 223.365677 193.813507
009921 0.433338 137.091827 158.240234 360.616669 195.138763
009921 0.110392 224.022583 162.321121 339.414917 193.742142
009921 0.107580 322.427948 164.857925 486.381256 194.542404
009921 0.009491 350.169922 130.545197 500.000000 195.201996
009921 0.008722 356.893250 161.471710 500.000000 218.412750
009921 0.013361 163.119278 50.571678 489.481262 183.701508
009921 0.117840 163.588852 135.004379 490.507324 187.399460
009921 0.023793 161.745316 157.404190 494.974304 204.216995
009931 0.008629 147.803192 79.562538 495.189789 255.984039
009943 0.018021 8.859726 10.360458 486.193909 114.120476
009951 0.023134 291.913391 158.359436 449.631531 251.934143
009951 0.092849 290.891022 132.598145 500.000000 333.000000
