000004 0.023651 21.574379 312.707367 88.604408 358.720123
000004 0.014044 84.855507 321.754517 121.325951 344.208008
000014 0.023208 486.417542 105.054451 500.000000 173.944611
000014 0.085874 1.000000 155.547821 24.434212 195.219543
000014 0.007028 75.762016 188.047882 122.274330 226.109833
000014 0.040395 93.977440 181.573105 170.756714 230.124405
000014 0.009644 130.788025 186.288681 224.079163 227.549973
000014 0.005603 398.049622 63.597282 495.865112 206.602570
000014 0.017477 13.137169 165.255310 186.700409 232.609375
000014 0.696706 63.789909 162.779999 282.295898 228.529358
000054 0.005919 5.548735 129.203873 14.668688 167.807724
000054 0.009828 429.688446 142.545700 459.439667 183.120071
000054 0.011111 475.553101 154.125275 489.154724 179.880768
000054 0.011324 442.316528 169.801208 466.063843 211.937592
000054 0.048648 472.254395 174.362152 488.401855 189.183899
000054 0.005295 23.642197 111.447990 169.506088 253.499237
000054 0.940923 30.984985 54.460709 464.011047 290.302185
000055 0.005830 385.177856 243.556427 425.703186 267.662964
000055 0.010424 349.940308 238.387589 463.204407 331.123566
000055 0.010138 143.474106 39.614685 500.000000 210.425293
000055 0.033378 36.999954 182.124268 455.253662 323.999878
000128 0.008183 483.869568 198.045746 500.000000 241.034058
000128 0.005283 53.643463 134.733658 458.008545 244.816269
000145 0.005228 394.733307 135.614670 490.781464 300.743164
000145 0.012054 384.714142 1.000000 498.329865 297.036743
000188 0.007143 1.000000 111.608231 16.182093 177.884201
000188 0.012670 7.356602 91.520866 107.013611 193.818298
000188 0.007053 51.807060 104.272392 291.067749 182.391754
000188 0.848602 30.209854 83.315887 484.017151 207.681488
000195 0.012294 11.596848 109.053696 26.829563 190.181564
000195 0.006256 71.614426 164.539734 125.593323 205.033203
000195 0.021540 10.849518 47.877434 119.826614 184.408661
000195 0.006027 26.800591 69.682411 157.928741 233.298828
000195 0.007731 20.121387 87.083694 110.785858 292.477478
000195 0.027553 13.599388 38.943710 177.338409 330.704712
000195 0.920741 40.527008 25.205368 471.023865 367.984924
000231 0.011483 6.609032 120.810440 38.830086 207.309769
000231 0.007626 5.871618 158.204193 30.521982 207.205811
000231 0.096527 7.079113 143.024139 102.279648 203.374512
000231 0.010428 65.290977 156.011093 117.520164 198.534531
000231 0.770179 93.126602 113.388588 273.036194 215.162842
000239 0.019006 474.699310 65.960991 499.342682 123.719688
000239 0.014670 8.376743 115.348633 30.385689 166.401825
000239 0.013084 38.346012 122.122513 73.321609 165.226700
000239 0.040005 470.515289 99.297852 499.078522 158.755127
000239 0.879396 47.295853 42.237770 474.241150 220.676392
000252 0.848749 143.747086 61.303154 288.640442 219.196747
000252 0.031165 105.609375 55.319946 405.655823 226.463074
000300 0.059034 37.061600 186.803345 337.284546 424.418335
000335 0.044557 1.000000 24.069931 374.692047 470.767334
000341 0.005362 477.571198 49.498337 500.000000 134.537292
000341 0.466054 312.786469 119.314758 395.625336 194.663727
000341 0.007438 380.710236 1.000000 500.000000 337.000000
000364 0.005011 11.329742 36.221626 176.708328 189.667114
000398 0.006191 86.599686 8.783173 401.875122 442.000000
000456 0.901967 89.012100 45.103394 423.315613 304.405518
000488 0.135968 368.112762 8.224426 500.000000 150.840042
000488 0.019528 260.231812 1.000000 500.000000 160.486969
000505 0.007600 195.356476 61.999966 371.668976 142.721802
000512 0.022261 7.662027 152.581207 29.762709 230.107941
000512 0.016667 4.931479 181.174561 23.511860 274.415894
000512 0.005861 1.000000 122.708138 111.013367 264.299683
000512 0.906062 10.509949 74.897171 433.695007 353.017456
000532 0.047256 469.036926 59.062630 499.551025 197.120880
000536 0.040095 2.298198 161.616501 14.336641 229.809311
000536 0.022228 1.964522 191.879166 12.997997 263.641235
000536 0.006149 484.890045 194.527344 499.261688 280.698669
000536 0.116387 390.653534 129.932465 493.752045 324.298584
000536 0.005091 447.811218 122.862259 500.000000 339.220276
000536 0.874340 14.814026 92.236061 492.401611 314.743835
000538 0.015874 4.258392 59.721619 347.706757 268.502747
000616 0.008717 430.610138 1.000000 500.000000 427.288727
000629 0.554257 39.158600 88.484055 434.617065 173.891281
000643 0.026129 454.356232 206.063843 499.760956 338.236755
000696 0.062608 164.843307 233.523758 249.376846 256.375458
000696 0.028576 266.353271 226.525208 328.725220 248.917023
000696 0.025131 196.502747 285.831177 299.833191 323.398010
000719 0.062680 4.722409 92.190704 29.757832 181.922119
000719 0.021813 40.925842 101.304375 74.372650 163.197922
000719 0.213910 5.498734 132.532639 38.151093 203.626999
000719 0.012138 32.776047 130.439026 61.940994 204.508575
000719 0.012253 1.000000 89.614555 60.760025 236.152374
000719 0.835492 27.376389 78.763214 192.510391 254.087067
000723 0.873469 93.169357 133.244141 460.147705 262.814972
000727 0.226686 108.450478 308.935699 258.549103 442.627777
000727 0.008860 40.019302 35.369919 193.475067 460.489197
000751 0.005112 6.335549 66.373665 31.894661 137.033295
000757 0.010542 65.360092 42.289627 464.869019 311.883972
000775 0.006850 4.952126 30.140839 170.336792 362.889740
000817 0.006440 320.520538 251.927658 418.594330 276.116180
000817 0.007301 403.644531 247.619110 476.509033 269.630646
000833 0.917504 26.137344 19.465988 465.235352 374.851868
000858 0.019333 319.267944 187.790054 352.308472 227.296860
000858 0.005023 352.157440 189.093185 380.599762 224.811600
000858 0.127677 422.393646 193.523773 473.243622 239.823639
000858 0.046260 488.293030 183.913147 500.000000 247.022400
000858 0.785892 289.583435 147.308624 397.772583 256.115723
000858 0.014019 403.590454 167.169312 496.504395 256.982605
000858 0.006175 270.763123 19.781311 446.863647 251.298187
000864 0.946165 12.842026 79.222984 489.414795 239.576904
000866 0.015276 271.437592 47.147049 471.671295 265.306213
000875 0.008260 1.000000 128.668121 73.733780 250.172821
000893 0.702477 1.109802 12.237564 329.813354 478.848877
000901 0.007633 22.740585 1.000000 484.555420 316.853790
000916 0.841576 86.606247 39.245712 500.000000 330.903992
000922 0.177692 25.880707 119.741554 87.616333 159.000092
000922 0.005098 127.676666 101.847961 226.433380 217.823792
000924 0.007346 3.449685 112.883072 27.017143 214.550308
000924 0.564783 4.608095 134.534729 40.068352 257.862366
000924 0.021891 21.820887 153.588318 79.884224 239.502045
000924 0.010374 112.972496 153.300140 163.521103 240.663452
000924 0.008218 155.604034 162.560486 189.517700 226.987793
000924 0.015527 177.423615 164.004089 244.800903 225.741455
000924 0.007667 266.300720 180.820526 293.557739 258.584106
000924 0.725233 20.934608 130.578033 176.175598 273.850952
000924 0.839960 152.201553 140.745300 273.959167 268.646851
000924 0.856930 280.714935 135.588776 399.743011 273.217255
000944 0.005257 48.237656 67.043427 448.521484 151.136368
000984 0.026049 217.345016 218.788452 298.133575 292.770691
000984 0.005746 304.038757 223.927917 329.693909 292.699585
000984 0.010696 70.536026 237.266205 103.127350 353.738373
000984 0.005400 314.508026 271.587982 333.000000 311.212433
000984 0.018026 229.231644 193.595398 318.791016 324.842651
000984 0.010965 87.147400 187.261719 185.521271 392.147461
000984 0.145119 75.444298 87.787720 198.529663 474.423096
000995 0.006381 293.388184 349.713684 437.440979 375.000000
001141 0.005775 11.637993 111.463272 175.852753 375.000000
001157 0.005857 269.324646 1.000000 459.885010 56.568623
001218 0.024184 489.428558 176.478424 498.586700 193.714111
001218 0.006936 4.346470 122.055275 123.104355 255.622559
001218 0.942227 14.405991 79.285355 477.583496 273.059326
001219 0.016030 11.841106 214.695541 38.808926 269.339661
001219 0.019032 39.436005 192.348007 230.283295 290.771454
001219 0.008585 17.875427 179.745422 477.462311 308.157013
001251 0.005102 425.771393 160.101715 460.673859 197.380219
001251 0.012726 468.893799 130.794159 494.573914 220.788208
001251 0.009392 8.938690 1.000000 408.502472 315.730621
001318 0.007162 9.946104 205.471710 23.901150 271.724304
001318 0.623645 28.970787 213.939270 160.014862 270.152222
001318 0.006871 108.521057 214.979828 161.225311 249.421906
001318 0.011589 165.577972 227.275726 192.382050 243.921661
001318 0.070846 228.484177 207.772217 288.971191 254.063538
001318 0.277003 241.508102 197.800476 327.551117 245.321930
001318 0.811990 208.013916 181.669739 362.632812 252.966248
001318 0.010585 200.496399 163.492676 500.000000 286.342224
001335 0.127218 156.843155 40.503693 433.010071 289.339325
001359 0.012372 4.317707 98.662163 122.114120 249.108490
001382 0.008244 308.600586 178.841919 499.330872 257.616394
001382 0.005530 315.617859 221.138824 477.718262 285.321594
001396 0.006330 19.282623 153.305969 87.953072 222.230621
001396 0.013007 6.579071 113.436317 98.801079 260.289398
001424 0.017744 306.968933 313.075867 375.000000 369.174561
001424 0.714307 256.653595 326.117493 331.028412 402.996948
001424 0.230462 321.278564 348.918091 362.274475 390.509399
001424 0.025956 281.045624 312.094879 375.000000 407.415375
001476 0.007898 464.093140 104.131691 492.652771 156.572998
001503 0.158827 74.491928 59.502525 428.222046 298.298523
001538 0.024629 313.690582 174.996185 426.250946 282.045227
001560 0.009590 6.487949 60.954445 26.644848 113.085121
001574 0.054498 1.000000 1.000000 332.000000 407.856140
001575 0.015303 1.309296 115.250153 95.353302 271.590149
001623 0.014700 30.269760 8.303352 317.534241 200.817719
001626 0.008894 154.149719 87.058838 193.566925 129.407730
001626 0.005231 6.094385 102.419312 24.329542 197.314209
001626 0.005708 458.850525 138.675186 487.874390 188.373398
001626 0.014372 73.285614 70.723969 199.538483 230.881409
001626 0.910201 80.049179 21.641678 395.198547 279.585022
001644 0.106005 1.000000 107.417023 18.377182 170.608368
001644 0.759439 29.572403 1.000000 474.699829 289.067230
001659 0.008322 290.956879 176.494263 324.056854 248.602722
001659 0.764752 34.677734 101.664185 305.724426 375.048523
001697 0.013962 164.034592 242.390015 256.658386 272.240540
001700 0.015049 300.300262 123.077881 342.712555 142.656647
001700 0.009868 426.578796 188.693329 480.565796 241.427856
001700 0.034058 461.598480 175.268585 499.894928 227.705536
001700 0.081197 375.079163 207.754669 437.216248 262.546356
001700 0.016610 416.463593 207.455338 473.301483 249.896500
001700 0.011910 300.196014 249.165421 362.588715 310.960175
001700 0.005193 315.416718 246.369659 392.174713 297.879608
001700 0.012132 390.577209 156.880981 493.850891 258.304382
001700 0.007696 345.345490 197.048004 461.235138 281.997040
001736 0.005430 486.206635 198.296478 495.784943 234.040344
001736 0.939548 122.273865 179.852631 469.865845 298.417938
001744 0.010566 8.525446 2.317351 26.073549 33.099739
001745 0.006511 6.294983 60.716965 495.440735 333.000000
001753 0.025336 9.058487 23.578857 211.270889 291.318176
001753 0.055277 12.433075 1.000000 412.767212 331.158539
001770 0.043781 107.768143 298.611572 158.800491 330.376587
001770 0.005111 150.205597 293.569427 205.670502 321.686493
001770 0.005632 125.612556 295.797852 297.971130 367.060364
001808 0.007931 477.091339 61.938560 497.575348 130.307587
001808 0.182823 361.405182 1.000000 500.000000 186.158997
001808 0.024383 412.662231 1.000000 500.000000 261.278625
001808 0.612115 1.000000 1.000000 346.390259 180.189117
001808 0.013211 131.880219 10.936867 500.000000 170.521942
001817 0.893179 1.000000 13.022293 333.000000 263.851562
001839 0.005671 232.575089 28.568485 346.767822 136.091431
001844 0.880471 137.009399 119.408432 285.565125 205.752457
001866 0.005573 62.023010 90.116470 384.809479 289.631287
001884 0.018300 166.383728 208.784088 259.286560 237.613556
001884 0.059569 189.746201 210.917023 311.467407 241.563507
001884 0.025573 26.414711 289.702332 70.108231 318.099304
001884 0.018886 73.648865 292.160858 123.815994 310.897858
001884 0.060228 65.530136 287.260376 214.820206 312.468079
001884 0.014670 160.787567 196.209702 412.814117 243.699326
001884 0.013124 34.873459 272.904877 234.842209 322.521576
001893 0.028693 216.424530 221.242493 315.677948 359.105347
001893 0.017285 192.014786 142.151932 340.207764 436.848450
001895 0.045657 30.205227 336.949707 81.597717 362.230957
001895 0.012536 49.817276 338.593048 137.111984 359.264923
001897 0.012841 1.000000 136.440369 20.491722 171.742371
001897 0.044683 476.215881 121.291656 497.338501 186.668671
001897 0.924434 28.314407 73.185928 478.325623 240.703781
001913 0.005417 31.334949 65.252853 85.977753 117.836929
001913 0.045747 1.000000 11.280350 106.868881 178.843201
001913 0.028082 3.600292 29.538712 61.950768 232.923172
001916 0.021361 97.692047 22.913090 166.223175 77.221390
001916 0.023748 151.279968 39.763309 194.200897 81.781509
001916 0.156296 9.841774 8.646435 181.739166 92.380188
001916 0.042622 95.669731 7.707691 245.669006 97.591431
001916 0.720077 260.495300 8.851921 470.662781 104.720512
001916 0.005379 4.705002 4.829330 335.980469 102.364662
001935 0.005050 409.079529 175.818298 475.311340 204.956360
001935 0.009151 477.161926 173.730209 494.374023 202.039536
001935 0.009238 365.758057 149.239227 500.000000 214.883514
001953 0.006522 3.921856 67.244843 52.047768 334.000000
001953 0.638555 1.000000 53.491455 494.988678 334.000000
001968 0.023021 18.951843 1.000000 427.215363 375.000000
001983 0.026312 26.530027 163.418152 88.588303 214.842499
001983 0.944533 55.764114 122.461807 345.133118 222.740952
002032 0.067214 9.372589 2.980591 439.264252 347.000000
002073 0.020432 231.932114 1.000000 496.583557 333.000000
002177 0.017231 9.092747 128.352921 36.504570 200.022324
002177 0.695037 3.384739 102.974670 101.180084 221.717926
002177 0.826641 96.746346 116.193634 330.534729 234.788574
002177 0.038121 9.506340 132.886505 115.669647 272.228058
002177 0.006146 74.884361 145.891953 191.148834 248.690628
002185 0.008452 198.767197 1.000000 372.208557 63.713547
002198 0.005449 38.403839 153.202118 459.281250 348.228577
002216 0.022933 481.016907 104.281624 500.000000 310.545105
002216 0.008836 1.510635 134.988663 100.524193 278.668091
002216 0.024738 293.969727 137.187012 439.021423 280.750092
002216 0.830253 369.495239 107.255333 499.778198 312.951508
002216 0.923373 76.898270 111.043434 408.397644 328.959290
002223 0.007093 200.261734 133.043839 244.386765 223.558548
002223 0.037658 165.906616 202.076141 209.400726 247.754517
002223 0.075668 208.706467 206.422073 248.034500 247.780045
002223 0.012870 248.076965 210.591583 280.174927 246.040863
002223 0.019784 192.875427 98.101379 272.703766 256.583557
002223 0.009484 198.146027 35.901550 340.374298 315.296906
002223 0.959524 6.030006 5.302582 223.860474 485.806519
002223 0.006030 137.528198 75.443665 310.546753 425.833740
002229 0.022201 3.221401 139.301620 15.782196 219.529373
002229 0.016399 10.333045 177.256500 21.672890 233.627594
002229 0.005206 12.008347 120.513924 113.271545 283.780121
002229 0.947471 38.891159 88.130699 435.081604 306.146423
002235 0.017166 393.831604 7.051483 500.000000 319.085388
002242 0.775709 177.932251 74.735275 393.436646 185.654892
002242 0.014494 216.813950 104.101212 345.977905 208.163620
002242 0.008784 163.923996 32.141731 356.062500 239.356689
002245 0.006009 3.815832 121.273384 38.080956 194.596069
002245 0.953804 122.136856 37.856560 433.112305 273.491241
002271 0.011095 465.357025 83.287041 500.000000 118.247749
002317 0.006730 144.225647 93.691132 197.945007 130.323563
002317 0.007907 482.340363 96.837509 496.793488 209.256454
002317 0.959025 90.881744 11.960434 500.000000 279.145081
002358 0.009367 182.787994 187.767273 243.350677 211.980225
002358 0.354495 295.639343 180.381439 374.509094 217.272858
002358 0.373151 331.113647 184.529526 392.956055 214.883591
002358 0.039066 377.935394 192.987228 424.723419 213.650467
002358 0.029801 426.508820 190.631348 465.818390 211.407288
002358 0.023433 473.095245 188.145523 495.205292 208.307327
002358 0.005031 20.281746 141.641144 241.198975 212.872162
002358 0.061921 256.208771 163.608902 402.967682 223.070847
002370 0.011655 214.165543 154.690369 273.794952 210.334717
002370 0.006616 256.915161 158.719330 325.007996 212.832153
002370 0.011762 305.585083 147.284363 368.066650 221.787292
002370 0.012431 353.588806 170.508865 395.152832 215.424637
002370 0.542329 218.684082 121.287170 362.291992 239.338715
002370 0.769403 11.197395 76.940170 212.146271 287.889221
002383 0.025315 13.262506 162.565186 33.366100 201.532715
002383 0.073184 35.147087 166.283676 80.621819 195.567398
002383 0.007833 79.773499 164.496445 100.446030 193.905991
002383 0.039991 388.795624 174.323059 407.700958 196.673615
002383 0.031739 431.972229 161.683975 455.701660 196.314987
002383 0.932728 90.187180 34.466255 327.696289 272.867493
002424 0.007040 134.719360 137.122986 319.876526 264.582611
002475 0.014307 6.601922 164.404449 23.199272 219.762451
002475 0.030762 26.885277 161.983673 74.960861 218.008209
002475 0.017376 1.000000 131.397400 108.512245 229.348969
002484 0.006188 5.468801 251.696777 20.168550 273.595825
002515 0.016226 2.795345 62.158905 29.078642 123.389236
002515 0.007304 75.918442 15.859268 176.395370 174.250519
002515 0.057506 47.526443 15.582230 456.699219 314.388977
002530 0.011307 1.744062 186.855927 9.967264 265.445099
002530 0.009540 23.056343 193.242096 93.636528 252.431885
002530 0.008702 122.195908 204.618988 153.544113 242.585968
002530 0.815927 3.018524 174.062592 142.101273 284.630402
002530 0.937934 109.488846 119.283195 400.551147 283.059448
002530 0.005343 1.000000 159.350708 299.863892 277.965912
002531 0.005811 110.727539 16.421257 467.218750 141.226257
002532 0.005569 12.696523 144.597824 41.077179 197.760086
002543 0.010196 240.598694 231.524292 500.000000 333.000000
002548 0.005322 3.180565 19.457432 121.638832 134.451721
002580 0.027155 261.379547 118.071297 304.750946 152.895691
002580 0.031661 294.533234 116.220016 351.549896 153.597824
002580 0.019377 349.956848 108.487099 398.383057 156.800690
002580 0.008871 424.690369 110.250725 476.285217 159.579208
002580 0.006324 301.955780 141.579712 351.038300 166.852570
002582 0.012092 359.619965 191.498230 375.000000 297.604401
002610 0.005386 5.306824 139.530045 413.997498 370.803162
002622 0.005525 121.647789 242.531525 171.312256 266.920624
002622 0.014938 135.903671 243.898499 218.607742 269.678192
002622 0.016875 168.228394 241.445404 238.567566 261.197571
002622 0.070612 145.585541 272.891937 197.913635 303.249298
002651 0.006428 144.262726 197.895126 197.056396 247.299149
002655 0.009623 1.000000 229.659607 34.661156 332.276978
002679 0.058901 76.809006 155.158463 104.535828 203.887894
002679 0.005688 418.147125 171.772171 439.834015 211.681747
002679 0.008889 333.020050 38.986588 467.132599 344.841492
002679 0.920467 84.473419 28.877243 444.491180 373.657043
002700 0.009118 1.000000 44.080105 193.105865 116.200317
002700 0.015998 1.000000 40.974892 279.516205 169.424683
002701 0.005823 14.335525 243.169571 39.024685 271.356110
002703 0.064535 308.317169 203.731964 427.593414 230.066437
002703 0.008002 370.898529 209.610199 430.012054 234.052002
002716 0.009458 342.070190 90.864166 388.816101 150.431854
002716 0.006721 336.589203 116.144333 381.840546 184.254898
002716 0.026576 3.216568 200.457397 14.808607 265.312042
002716 0.019536 2.374624 229.081604 15.900827 288.465271
002716 0.104495 245.307709 65.481453 410.195770 178.007751
002716 0.037192 129.853210 132.301071 303.114929 241.278580
002716 0.629151 16.983093 170.784790 225.121658 294.352905
002716 0.008190 267.500977 134.923203 476.027893 375.000000
002716 0.410237 75.416916 44.197479 407.504333 198.271942
002716 0.156522 1.000000 93.277847 289.853638 301.956177
002742 0.048358 13.525009 102.344521 484.058594 258.719757
002748 0.097437 471.546051 55.942154 495.701752 249.320236
002748 0.019450 11.835300 165.382111 27.056759 221.702759
002748 0.005793 84.218613 171.704620 165.621231 225.078461
002748 0.011035 428.895538 137.570786 477.793732 249.845627
002748 0.062498 470.513336 141.437225 493.958954 299.625763
002748 0.033840 48.708626 155.267776 171.243256 253.385513
002748 0.188855 411.094513 95.818420 500.000000 278.237518
002748 0.577263 448.845154 66.250984 493.270264 306.004852
002748 0.858687 148.997787 52.095016 487.780579 353.893005
002756 0.035193 66.773071 164.626999 86.656754 208.369156
002756 0.013701 148.145309 180.581390 175.879257 257.175751
002756 0.075726 103.211670 134.876617 193.022736 282.846039
002756 0.005201 81.624603 48.682648 211.672424 380.979584
002770 0.019320 466.759949 159.746826 494.381104 201.152130
002793 0.149896 1.000000 63.057259 500.000000 307.393219
002832 0.018496 44.608765 49.544724 145.444626 191.695724
002843 0.007751 228.931320 311.034668 494.926453 375.000000
002865 0.036180 260.817688 169.892914 314.916382 223.278809
002865 0.088481 308.038727 168.840332 361.390839 231.987549
002865 0.032937 333.888153 166.558777 377.836578 234.405853
002865 0.058136 311.391388 206.622162 359.828705 252.292450
002865 0.118614 341.148254 214.850937 388.045715 256.377899
002865 0.073024 385.979553 219.171951 495.642090 266.087524
002865 0.018738 111.539413 124.712379 230.055588 256.536102
002865 0.005376 181.180603 135.731003 322.714111 239.532547
002865 0.026265 280.451263 136.013718 386.492523 259.301270
002865 0.012343 308.095856 178.921539 413.397614 280.078583
002865 0.342534 1.000000 1.000000 65.941254 375.000000
002865 0.921899 16.597153 7.683014 405.468445 371.066010
002871 0.010581 76.021896 232.330795 139.356049 272.076324
002871 0.058567 304.928467 215.969849 361.422363 245.114990
002871 0.010278 342.398376 227.938736 366.646790 254.173965
002871 0.006372 35.430534 201.157822 230.268372 280.836304
002871 0.123692 27.735901 105.284004 306.122559 294.217773
002895 0.005016 121.306396 95.229904 464.155884 296.241882
002897 0.049215 373.197449 227.066895 440.626099 275.008942
002897 0.009024 431.680847 226.355423 467.247864 285.980225
002897 0.005921 480.771057 225.621002 495.574280 273.368378
002897 0.053572 12.172371 167.360626 173.139313 252.902618
002897 0.023979 281.720917 203.174103 453.130341 281.509918
002897 0.114343 372.411896 196.592987 500.000000 287.396698
002920 0.189847 39.859909 119.641792 244.017197 236.351959
002922 0.038366 1.000000 437.658936 333.785278 500.000000
002928 0.005857 82.315186 92.136520 413.104584 289.342590
002949 0.005667 268.847290 164.361725 483.500732 374.062531
002955 0.008595 75.245743 130.217346 130.340500 178.449951
002955 0.010226 116.353065 131.298035 143.715271 187.107574
002955 0.015538 392.809814 60.220329 498.111816 241.394745
002955 0.736017 134.587433 13.789047 465.321625 270.072388
002993 0.007924 191.909988 228.629364 337.801331 309.608612
002993 0.018236 16.792938 114.736908 354.863617 294.689941
003001 0.014461 1.000000 69.481049 122.245140 434.981445
003001 0.609823 81.438164 18.632339 328.276093 492.685974
003006 0.021295 415.326965 113.243484 489.588989 197.143997
003006 0.022667 460.713745 112.789658 493.435242 187.348343
003006 0.009949 43.093231 163.883026 91.034546 223.709747
003006 0.007699 78.301117 176.861755 106.589951 214.114532
003006 0.060592 123.386330 186.567383 154.615494 220.632874
003006 0.068680 146.592346 186.063568 197.547333 223.505035
003006 0.061029 178.712036 181.400208 248.268646 217.312286
003006 0.021091 212.349823 181.208160 280.344360 216.923889
003006 0.006626 269.470886 181.069641 320.026428 216.800262
003006 0.016181 293.689850 172.458527 363.383942 226.497711
003006 0.363425 385.352112 104.333450 500.000000 223.699417
003006 0.845178 25.508240 133.150482 120.974365 264.883087
003006 0.305142 260.391937 134.036316 404.727325 235.309631
003006 0.100004 331.201141 120.038956 478.036530 241.821945
003006 0.013316 191.110474 201.565964 333.493713 257.495972
003006 0.007994 258.215637 112.676491 500.000000 215.744049
003006 0.006953 60.499374 133.833130 439.027466 233.522186
003016 0.019667 12.035429 180.160797 27.175257 223.956299
003016 0.007971 382.305634 1.000000 496.002838 287.076965
003016 0.935175 70.635422 71.207809 477.979919 309.377380
003043 0.007443 314.617645 274.498352 350.756256 311.777039
003043 0.005942 474.093201 257.693359 497.818298 321.559509
003043 0.007738 265.679840 299.090881 300.502594 321.131226
003043 0.006230 315.621277 304.374817 349.193909 325.332275
003043 0.107420 381.603485 287.459839 442.436798 323.128845
003043 0.025491 424.407410 294.568481 482.714722 321.637451
003043 0.092509 364.012177 250.329163 500.000000 326.554077
003070 0.009648 447.717316 171.830963 489.764740 237.552368
003084 0.027371 300.472260 116.079124 424.856903 220.444611
003101 0.009952 401.274292 5.111727 486.056458 44.367172
003101 0.026839 7.875652 66.181961 34.109982 134.490341
003101 0.013999 202.158112 60.830959 238.861298 132.375900
003101 0.018004 224.099533 45.240276 266.335266 158.376984
003101 0.014405 315.539429 56.569221 351.771973 127.775093
003101 0.013565 346.834106 67.623199 377.140503 117.197281
003101 0.014787 420.114380 72.136108 472.017273 112.048294
003101 0.020264 466.122192 57.286003 494.636475 136.940338
003101 0.035610 7.322703 98.676247 26.145409 149.390808
003101 0.100320 205.638000 65.104546 242.342407 193.683411
003101 0.183542 263.877045 70.434830 303.486542 192.032639
003101 0.077612 304.216644 83.366623 346.949127 166.906738
003101 0.005834 348.820648 86.835327 378.788605 155.849121
003101 0.048298 477.087708 86.979263 497.194824 173.294540
003101 0.019993 211.554047 127.816666 239.631256 206.448105
003101 0.008334 237.907425 146.561493 270.257355 196.415588
003101 0.008339 264.855713 148.187103 289.373413 191.429993
003101 0.006475 372.477875 1.000000 500.000000 57.962296
003101 0.050919 204.419998 29.414360 293.932068 174.020172
003101 0.014543 1.000000 34.744217 60.297405 220.997208
003101 0.006950 127.709641 24.335037 233.018570 233.483017
003101 0.556041 179.479446 52.654030 265.140625 203.678070
003101 0.105737 243.931778 64.734795 331.913269 187.542786
003101 0.106260 281.061340 53.300941 370.387268 195.180664
003101 0.042748 299.353912 37.902878 443.565277 209.487930
003101 0.028912 377.867218 50.626472 498.395660 204.207336
003101 0.005594 62.888309 47.296387 186.893036 265.633392
003101 0.899597 289.065857 2.671234 500.000000 265.004028
003101 0.942400 4.866821 10.034210 215.088257 296.552185
003101 0.005341 173.639069 2.151642 320.693451 312.240967
003128 0.013498 150.275681 150.094238 293.024414 282.033691
003128 0.043314 21.471771 228.901566 463.701752 375.000000
003168 0.005765 274.752594 3.530823 471.807526 199.670792
003220 0.006061 97.761993 198.131058 245.795532 282.462799
003220 0.005839 1.000000 90.943550 306.679260 276.756287
003234 0.006040 110.568237 83.016640 150.754272 139.545563
003234 0.024912 311.127625 71.048386 489.560669 364.878235
003234 0.011597 72.649078 79.129868 500.000000 374.000000
003265 0.012469 144.444443 194.491608 204.752151 273.691467
003265 0.009035 172.079071 202.670700 243.218597 273.322632
003265 0.005357 207.207855 208.049286 293.545990 272.339722
003265 0.006921 19.514965 132.943481 97.342392 330.165405
003265 0.012327 147.510086 172.723801 273.165375 295.661011
003265 0.011718 42.737736 201.763397 145.335815 338.767792
003265 0.017607 80.297920 210.729050 191.143463 329.488495
003265 0.012735 129.877838 220.372177 233.207764 324.502808
003265 0.022285 152.493088 236.788467 286.569458 316.730103
003265 0.011907 158.140991 83.099487 339.172455 369.103882
003265 0.022696 41.223969 42.865707 462.424988 375.000000
003275 0.006564 240.550095 235.608871 325.224152 267.800232
003275 0.005524 293.784912 231.482346 365.166443 265.409760
003275 0.005318 63.312698 132.386383 500.000000 282.180756
003275 0.011570 1.000000 3.428345 500.000000 333.000000
003288 0.022470 345.213043 226.895889 394.466095 246.191177
003288 0.044002 369.386536 216.196091 434.298157 240.399521
003289 0.049985 143.931152 198.986221 223.717407 247.217941
003289 0.080339 317.057648 194.941940 410.479218 242.640945
003289 0.007076 461.251251 204.861465 499.734344 244.146317
003289 0.011233 123.039879 191.473694 280.386871 245.639832
003289 0.734543 238.416107 185.478943 413.237030 238.531830
003289 0.006981 342.973358 190.543167 467.748444 252.607071
003302 0.010426 113.173370 188.961670 173.496552 260.208649
003302 0.007371 166.176285 193.100800 217.677963 259.195129
003302 0.014345 255.906860 189.085907 293.560669 263.622467
003302 0.012904 286.068848 186.242630 314.372681 269.352386
003302 0.016617 325.132019 188.928833 361.653809 265.539856
003302 0.005368 86.361557 214.805603 145.287857 281.920044
003302 0.007394 130.039673 220.830612 162.238098 277.994446
003302 0.006996 168.647705 220.407455 220.779114 273.964355
003302 0.011504 261.492065 226.270691 287.489685 275.943481
003302 0.079806 299.905670 242.207581 322.337982 278.129028
003302 0.037267 326.824829 247.227524 350.572937 278.974915
003302 0.016829 26.654724 197.818848 193.657089 280.650513
003302 0.842593 162.182007 171.913879 299.565552 319.119843
003321 0.079009 60.309517 118.427223 295.319000 195.695862
003334 0.005973 379.357483 16.998451 486.816711 169.223206
003347 0.007437 18.148369 355.713531 104.576561 375.000000
003347 0.006415 371.583984 369.980835 444.719971 375.000000
003357 0.005121 240.419861 21.451242 489.587036 70.484612
003358 0.946688 1.843109 47.915573 263.000000 465.905151
003371 0.006593 339.264130 6.777790 493.235626 94.511597
003387 0.012002 12.182384 109.211731 94.390060 150.552002
003388 0.014561 350.646393 13.740746 459.806244 114.642342
003399 0.028176 7.646780 96.208199 29.747236 147.754349
003399 0.259914 8.242486 110.952057 36.604397 169.980164
003399 0.021245 44.337082 118.544785 77.349945 156.935928
003399 0.006933 386.533997 29.589661 487.463257 188.356110
003399 0.013662 1.000000 73.688637 67.498802 209.252655
003399 0.102092 7.302696 79.990448 118.745590 202.620575
003399 0.005934 150.269730 73.759766 257.800018 219.591003
003399 0.017846 44.646061 97.563011 159.846268 237.229279
003399 0.006597 95.430565 91.842316 175.865479 265.283569
003399 0.006389 309.278381 2.116043 500.000000 286.000000
003399 0.822188 20.637901 49.889839 246.361237 233.248749
003399 0.009222 1.000000 8.484131 302.243713 286.000000
003463 0.050396 14.547653 24.891098 375.000000 482.229492
003475 0.012072 456.441925 73.479347 491.075043 131.274292
003475 0.008433 431.540253 107.092072 470.856476 152.564148
003475 0.040889 464.271576 108.954079 488.544464 152.077698
003475 0.009256 398.350586 69.570251 485.250122 190.963318
003475 0.799484 35.933228 52.286797 469.377380 269.001373
003476 0.007563 1.000000 314.822815 440.713623 365.162048
003503 0.009983 388.631165 167.287979 435.003845 190.348373
003503 0.736629 105.196777 77.290092 376.095398 271.876709
003517 0.491272 1.000000 102.283005 42.520321 220.180374
003517 0.007891 20.205017 132.371597 94.570473 202.597458
003517 0.030144 1.000000 138.489899 34.134232 217.844635
003517 0.012106 1.000000 115.671738 119.683411 217.058243
003523 0.006265 162.252136 98.238304 348.278900 280.795593
003553 0.006976 59.121933 118.266808 485.532104 330.429138
003558 0.036676 1.000000 172.049988 271.402771 362.367310
003571 0.116626 276.350006 199.395035 467.569794 320.415497
003578 0.013350 117.399727 106.441780 266.383636 192.058929
003630 0.009137 447.946655 11.895000 498.514465 40.540138
003689 0.036078 1.000000 177.987823 37.127640 220.970428
003701 0.019071 155.004944 126.256607 342.600098 347.086365
003715 0.006369 480.790588 121.816109 495.723328 203.935822
003715 0.378997 7.940823 110.699066 40.568146 283.004791
003715 0.007364 27.649710 133.398468 70.575272 250.979095
003715 0.008980 435.563812 145.484741 477.324310 233.306488
003715 0.117480 478.302368 140.287003 496.841187 252.953720
003715 0.523905 4.074566 109.912399 102.216766 288.935974
003715 0.012645 411.401672 111.122940 491.110901 270.121765
003715 0.914410 37.050354 63.295532 473.873779 348.487366
003719 0.104076 51.160065 11.292572 498.661224 375.000000
003795 0.005944 10.354401 1.000000 500.000000 79.249527
003795 0.008335 24.434998 1.000000 500.000000 216.635147
003799 0.011498 52.261963 1.000000 355.000000 459.699463
003801 0.032835 321.316650 21.321030 460.709717 270.909607
003833 0.005804 347.685638 15.820328 461.014191 109.334747
003833 0.024395 111.374222 2.731251 458.173523 97.845886
003833 0.008157 235.741119 1.000000 500.000000 110.780861
003839 0.005471 207.301147 210.671387 296.342438 312.549377
003839 0.022821 53.057770 7.675156 500.000000 317.924438
003858 0.006639 4.933140 169.685989 66.586288 364.294800
003864 0.952969 12.147034 13.068924 499.557983 371.804810
003900 0.009293 4.751586 155.640259 24.080597 255.919098
003900 0.067234 2.881680 128.316986 130.499588 272.022583
003904 0.009119 366.166901 1.000000 473.016022 278.664185
003930 0.007517 471.875641 221.803925 496.966156 272.175507
003930 0.014682 360.453430 157.476746 452.412048 330.229065
003930 0.006960 1.000000 3.159607 442.624451 319.565491
003967 0.008310 459.289978 119.158707 492.244202 166.646896
004006 0.041418 311.744171 36.482937 497.016327 129.352432
004026 0.007256 339.081665 132.107346 400.295105 194.850388
004026 0.005621 475.898895 109.961685 498.503571 202.566879
004026 0.010137 458.159119 156.731277 495.649902 223.198715
004030 0.073066 119.655334 161.477585 230.214111 280.218933
004030 0.027828 205.204224 168.735718 374.883728 285.077148
004030 0.968159 136.011078 72.609909 449.204376 294.564697
004056 0.019535 1.000000 15.341110 498.073242 352.740540
004065 0.269253 52.525833 96.591530 438.050903 308.923279
004070 0.005343 11.232955 120.086060 35.028519 157.807465
004070 0.535373 6.701797 125.428024 110.999802 158.122360
004070 0.006900 61.198570 126.957924 109.511818 158.390778
004086 0.011145 330.691772 17.336475 489.092224 121.901672
004094 0.021559 479.355103 126.780960 494.739014 181.406876
004094 0.898395 30.852783 47.728874 463.894196 299.211975
004098 0.094338 2.282898 13.974716 194.879959 315.846558
004099 0.025843 34.914948 204.544312 58.559586 302.296417
004099 0.005066 9.869467 270.589569 33.896553 314.988556
004099 0.063418 27.420816 256.745758 59.675865 330.828094
004099 0.046986 16.294086 145.639313 74.383850 355.969971
004099 0.005399 101.536362 214.521988 236.480972 418.780029
004099 0.082535 160.810043 221.004639 333.000000 460.181519
004099 0.926143 48.983490 183.439285 333.000000 412.749817
004099 0.013158 95.200058 32.664108 333.000000 475.302429
004104 0.006321 1.000000 267.399933 22.894148 323.244354
004104 0.018498 17.118406 259.982025 46.002357 321.734833
004104 0.007403 44.460587 253.783157 118.825256 321.584503
004104 0.034879 77.055748 255.250061 134.616211 315.431213
004104 0.730928 18.388649 235.701096 155.430054 331.774963
004144 0.024655 14.857174 350.511139 48.952393 396.618378
004154 0.005535 1.000000 198.833359 109.512604 286.739075
004156 0.005240 1.655457 148.824387 16.949856 299.885010
004156 0.005723 258.214600 192.870300 312.196655 238.891510
004156 0.006554 1.000000 132.143280 117.214569 339.887085
004156 0.005816 166.743042 199.117325 328.438202 337.784241
004156 0.801911 1.000000 102.163620 354.478516 363.353455
004156 0.076804 41.571426 207.995712 440.564148 371.858093
004167 0.021725 1.747345 78.191032 15.517572 148.219666
004167 0.017421 2.901437 109.165230 22.293694 200.174957
004167 0.012523 3.340241 145.993881 24.752438 224.589462
004167 0.013651 479.946564 114.912201 497.177216 270.623077
004167 0.016548 1.046253 175.938126 18.576389 265.405457
004167 0.029418 1.000000 80.986855 58.496979 301.131866
004167 0.066399 3.636158 99.816010 114.086334 271.923096
004167 0.033934 40.286133 118.026413 158.119003 263.410156
004167 0.031324 385.671844 95.950638 492.095428 287.928711
004167 0.083937 295.611084 72.573120 500.000000 304.773560
004167 0.316380 11.846825 70.733139 200.388489 359.381775
004167 0.015911 244.328217 79.656555 424.126617 375.000000
004167 0.015348 1.000000 16.839447 279.528107 371.565979
004167 0.910754 12.477142 42.417694 500.000000 353.359955
004187 0.010376 65.042503 293.706055 123.115105 312.483459
004187 0.021275 483.132874 268.950562 500.000000 356.281250
004188 0.019502 4.934476 91.843689 32.469856 143.916702
004188 0.007401 30.345387 98.897003 85.958496 145.746460
004188 0.019845 2.773552 71.714882 110.035385 162.634186
004207 0.016534 1.000000 5.446365 292.619995 375.000000
004211 0.009417 2.280945 31.265976 375.000000 457.161316
004227 0.125786 9.861252 19.242340 417.748962 301.705383
004299 0.045199 142.014038 12.430539 254.769623 37.143044
004302 0.006115 4.233740 142.788193 17.988081 213.475143
004302 0.010486 1.000000 168.666367 15.017439 234.840439
004302 0.007616 19.967064 178.496201 88.252007 226.715652
004302 0.020263 483.521484 174.920105 496.155518 234.306915
004302 0.421379 1.000000 136.089935 206.341415 264.999329
004302 0.025169 306.808777 133.126129 497.926636 259.960663
004302 0.915655 3.420288 122.581207 494.293945 270.622406
004305 0.012848 1.297573 184.733276 16.402441 282.382324
004305 0.035710 4.587035 248.541992 22.735847 295.630188
004305 0.035332 238.511215 233.596130 275.186188 311.662109
004305 0.026288 283.849182 263.470734 302.232361 300.201508
004305 0.094340 293.397919 248.290909 333.310883 310.081177
004305 0.855715 75.808098 185.951828 276.008881 345.300903
004305 0.023821 199.325363 199.754089 283.071899 332.680481
004320 0.008622 16.714510 167.370895 42.130783 217.849258
004320 0.021258 383.033081 155.408234 435.616638 229.494659
004320 0.008639 405.859955 156.700882 464.720123 229.390976
004320 0.014476 391.660736 206.733261 425.466766 230.346054
004320 0.010281 424.312073 206.710312 458.793762 236.809006
004320 0.010979 394.002289 104.001038 483.925323 342.613159
004378 0.005715 212.289001 58.903442 375.000000 374.856598
004378 0.017994 1.000000 11.804001 334.353668 181.742905
004378 0.013825 74.399170 56.210754 375.000000 212.838409
004402 0.008553 185.142776 114.944244 248.579391 157.056183
004402 0.074063 2.894680 94.154205 117.820450 239.368713
004402 0.008349 140.256592 114.547943 281.057800 224.747406
004402 0.925618 141.990768 23.396698 498.101868 289.617676
004408 0.006731 68.057800 1.000000 435.144440 123.324844
004431 0.030715 67.916428 266.810974 255.724960 341.416504
004431 0.593486 54.636597 279.501617 204.319244 400.181366
004431 0.034224 123.313164 275.080933 279.222046 380.517151
004431 0.006874 61.126717 255.662674 263.618256 500.000000
004431 0.006195 54.922775 285.175964 333.000000 431.789856
004442 0.015115 162.296143 223.572784 190.368439 254.051361
004442 0.075602 346.896179 228.483185 396.347412 259.427887
004442 0.082366 156.724884 239.324310 191.392914 269.626373
004475 0.014397 88.614059 95.808105 345.138733 429.433594
004478 0.006047 104.555443 22.455488 161.801788 63.821411
004478 0.020395 53.716698 11.900106 223.344025 72.652069
004501 0.053045 1.000000 45.126160 500.000000 345.195312
004516 0.005686 157.434418 17.630577 496.106720 161.855743
004521 0.006409 6.287565 141.806915 48.062271 205.135040
004521 0.005315 111.141190 167.200226 146.637009 194.700531
004521 0.020092 17.311420 196.087097 41.525475 222.254730
004521 0.141907 382.114288 85.418434 497.226898 244.775116
004534 0.007008 412.912659 122.734558 485.634521 183.579315
004534 0.017476 388.733948 90.306656 496.697815 209.701370
004534 0.005317 371.291138 1.000000 498.858398 272.375610
004541 0.011371 3.838589 71.818268 27.105268 157.871307
004541 0.111275 1.198668 101.836098 22.217199 196.466095
004541 0.006812 278.433990 122.592018 310.902191 182.331467
004541 0.212001 472.526001 110.589676 498.791382 196.383224
004541 0.069718 5.244618 139.389374 21.283485 234.456177
004541 0.012347 236.074753 139.588867 262.256073 239.641785
004541 0.016161 417.705139 160.297974 462.948914 187.749542
004541 0.054350 480.457855 138.403580 499.618561 227.262650
004541 0.024477 1.000000 44.111931 49.158478 265.829803
004541 0.009371 21.028427 78.390671 184.888458 238.947800
004541 0.007258 394.799286 90.504562 498.595245 226.851089
004541 0.032663 1.000000 83.344032 112.758247 281.262024
004541 0.005456 230.217377 101.227219 333.020355 264.068604
004541 0.007468 255.961853 95.431488 402.746948 274.186554
004541 0.038188 446.414246 90.171547 500.000000 283.053345
004541 0.948251 1.000000 50.353729 219.552612 316.707733
004541 0.927981 236.675583 57.174774 498.981201 311.637726
004578 0.904418 165.096863 114.696854 311.796753 283.891174
004580 0.212553 8.453766 77.048126 151.911194 431.780304
004594 0.006112 113.917549 86.756058 163.801941 135.386353
004594 0.006757 264.709656 179.883972 308.101196 221.304199
004594 0.031372 229.413879 187.930664 278.889801 259.698517
004594 0.006701 255.652222 192.067841 305.400391 246.959839
004594 0.010828 78.809738 58.694168 200.603836 163.754013
004594 0.006228 211.544037 148.600677 304.588409 282.528656
004594 0.397044 109.529007 44.195450 318.635315 264.577148
004594 0.006365 1.000000 49.144104 115.751831 375.000000
004594 0.032159 10.561584 52.937698 339.888885 375.000000
004596 0.222775 6.744781 72.820801 367.690125 500.000000
004613 0.011577 5.879776 173.462296 274.087158 357.404602
004666 0.022263 165.286987 137.698639 325.348389 249.472290
004666 0.006998 22.865707 151.562012 159.335754 280.342804
004666 0.026283 157.322998 163.762787 269.977112 289.773499
004666 0.842690 29.017899 127.314430 327.327820 268.256714
004666 0.008189 1.000000 87.374283 372.294952 362.370422
004684 0.023036 6.243994 45.033257 26.784300 144.884644
004684 0.009921 125.353996 69.711914 157.265671 140.157898
004684 0.007971 145.272690 76.074509 212.163742 128.755264
004684 0.292556 4.215046 3.884880 132.120972 161.922302
004709 0.076852 376.305359 201.798416 496.270874 328.912598
004724 0.901800 76.063126 78.666634 435.425171 246.935974
004738 0.006100 1.000000 303.160309 17.595413 338.574860
004762 0.005024 40.269012 112.654541 81.631783 154.756012
004762 0.007120 77.403778 112.138290 115.454895 159.131943
004762 0.007380 477.063080 125.627808 494.823029 155.820953
004762 0.005829 45.354126 74.381332 154.743164 191.858658
004762 0.008431 278.832214 77.449852 459.506470 191.154114
004762 0.900383 60.818375 58.693169 458.572266 250.673157
004780 0.007287 147.187378 375.151581 256.977356 452.210663
004802 0.007574 6.280360 142.647522 18.936478 185.591522
004802 0.286440 3.116470 102.754150 449.256348 206.310516
004810 0.005369 245.152298 217.670929 280.857483 256.517303
004810 0.081200 263.760834 213.951721 298.980743 264.003174
004810 0.005589 472.119415 205.069809 490.238495 268.632019
004844 0.007450 115.517082 363.285278 157.667206 398.975220
004860 0.637577 30.876755 45.575882 371.423645 405.467285
004862 0.005770 3.728149 18.862595 358.083282 187.381912
004883 0.006213 4.041262 110.505234 15.152472 165.204300
004883 0.005780 477.068451 118.239044 488.287689 153.097534
004883 0.180769 279.084198 84.346725 472.499481 203.817276
004883 0.732170 15.113861 75.908264 494.771362 210.890900
004883 0.136675 11.544556 94.153236 271.159424 206.485687
004899 0.007249 135.792389 12.185577 369.326538 264.220154
004899 0.352494 1.451317 12.004715 205.435577 333.000000
004900 0.008332 100.636681 320.772064 134.701813 360.744415
004924 0.012540 3.225581 89.002090 20.667007 224.885971
004924 0.299886 1.000000 110.661049 30.813000 276.580048
004924 0.152443 3.323160 92.989601 52.949654 295.292328
004924 0.131795 14.962109 103.724518 99.955719 285.186646
004924 0.006578 1.000000 29.349503 65.216713 375.000000
004924 0.934683 39.717468 1.330597 480.439392 360.206482
004933 0.080636 449.227081 1.000000 500.000000 299.115662
004933 0.005381 401.368347 1.000000 498.905701 375.000000
004937 0.052488 381.489990 106.100014 500.000000 168.164062
004944 0.110809 25.025864 55.002655 223.476593 375.000000
004975 0.007449 1.000000 1.000000 372.718597 202.300339
004978 0.049230 2.055757 96.840370 24.347534 202.903595
004978 0.035239 1.000000 63.120010 61.130844 235.962234
004978 0.639770 10.152931 64.561745 124.386833 231.316467
004989 0.025462 14.301191 220.856522 26.513048 259.895599
004989 0.014532 46.468639 229.992783 59.921154 255.858597
004989 0.006120 386.018585 162.164856 499.461090 293.392395
004989 0.904101 53.317215 178.572556 444.598267 303.899780
005034 0.006605 3.731251 181.856949 30.287884 205.795364
005046 0.015139 7.788014 168.071335 26.070099 220.124191
005046 0.006868 477.875641 162.396912 500.000000 230.966888
005046 0.924256 22.959427 100.939888 499.332764 319.947083
005066 0.011836 190.409088 161.842789 233.112579 214.860123
005066 0.007938 365.924133 187.265839 388.098572 259.801117
005066 0.024281 385.943329 203.571808 397.897919 251.449677
005066 0.084493 467.104980 124.018021 494.015381 315.639954
005066 0.014233 326.328796 98.178528 409.857483 294.829926
005066 0.855250 451.868591 88.776909 497.142273 342.091187
005066 0.882106 105.134033 59.040085 386.317413 346.307129
005074 0.007918 39.560440 209.535431 391.881348 289.777466
005087 0.130751 227.311218 1.000000 427.930359 43.986679
005087 0.010975 312.091095 1.000000 500.000000 42.247223
005087 0.144962 64.989731 1.000000 438.838013 53.687172
005095 0.016838 467.447113 231.566055 495.330536 271.414307
005095 0.013127 3.131433 254.480057 23.920341 295.644958
005163 0.008321 396.294067 188.769684 491.414734 234.299469
005163 0.012180 1.000000 171.733292 38.677933 310.713867
005163 0.011395 385.586761 153.153717 495.288361 274.310150
005163 0.056476 1.295786 126.927185 57.710526 333.000000
005163 0.006706 153.524796 1.000000 500.000000 322.863403
005170 0.021001 29.644775 46.813248 472.915741 424.000000
005184 0.017885 1.000000 1.000000 354.290955 338.162781
005234 0.019262 390.659973 161.049957 500.000000 219.834595
005265 0.007295 15.590232 156.975647 32.828728 227.938446
005265 0.096069 21.020056 148.005798 81.739281 224.232208
005265 0.055925 9.507793 134.021820 110.781570 241.533966
005265 0.963467 49.282806 69.080864 500.000000 293.380493
005271 0.005252 78.072205 149.225876 102.392853 209.685898
005271 0.007627 351.889557 142.001572 376.193390 204.881912
005271 0.012244 478.695374 109.551056 494.981079 240.462280
005271 0.008470 8.298342 196.846710 22.823988 235.926727
005271 0.007106 40.327969 202.473389 64.148621 232.056396
005271 0.926568 96.716324 76.471016 372.788147 286.790619
005296 0.006800 389.431549 167.470230 488.263031 294.321320
005296 0.014118 1.000000 10.229065 500.000000 364.453186
005333 0.014001 21.432938 48.496017 204.154236 329.312683
005341 0.222866 6.321991 3.630814 500.000000 312.698914
005372 0.006272 463.541901 212.388489 490.937347 254.360382
005381 0.005361 32.214821 412.481262 64.439835 490.269714
005381 0.010773 170.288055 481.782593 328.012634 499.373352
005381 0.010559 25.354736 319.252380 154.245270 489.854004
005381 0.018393 231.564392 333.016113 329.000000 475.831787
005381 0.013321 140.493958 468.778259 329.000000 500.000000
005381 0.895922 13.504578 299.344421 301.286865 497.231628
005390 0.005012 467.754242 259.284851 496.175201 304.364990
005412 0.005307 1.000000 19.078629 293.908813 218.795990
005412 0.026489 70.913834 1.000000 500.000000 375.000000
005484 0.443691 139.750275 61.104889 332.683807 268.641754
005520 0.008482 1.000000 18.723145 283.388763 462.176483
005598 0.012968 42.856537 82.258614 154.272949 219.322784
005598 0.900757 48.985291 33.510834 423.670044 257.685364
005616 0.005920 1.000000 26.350845 196.436462 113.406601
005616 0.012653 1.000000 32.380692 390.648010 187.627258
005663 0.050555 8.924162 158.540176 52.561394 194.659378
005663 0.011963 269.743225 191.206802 478.850342 294.040771
005670 0.894756 40.492294 82.766708 481.837463 286.451111
005707 0.040000 152.029526 220.692917 193.949692 236.547195
005707 0.008517 190.772003 216.398514 232.496674 227.403854
005737 0.959669 6.896622 15.921143 477.208069 304.846252
005739 0.006128 420.175934 94.292221 480.038300 159.648026
005739 0.006432 461.933044 79.942406 490.455872 158.616241
005739 0.009058 347.638489 121.534203 388.157959 179.508163
005739 0.072715 372.242157 119.649620 431.641144 187.413177
005739 0.277105 414.866547 122.715820 484.829315 173.300690
005739 0.009389 459.188843 128.414246 489.295471 177.555603
005739 0.013953 353.452362 93.329727 448.100555 206.423264
005739 0.044420 396.171051 100.571121 498.625702 200.422440
005739 0.940471 23.614914 31.092667 450.417786 348.155701
005746 0.100569 487.031158 103.118713 498.962677 207.413452
005746 0.009973 376.901245 71.933632 494.062317 222.527924
005746 0.920949 248.974243 63.207619 499.089539 237.109497
005746 0.005419 80.209015 64.171432 496.250031 375.000000
005797 0.027322 282.818970 44.244942 356.358459 92.904030
005809 0.933458 125.805740 91.305153 429.137878 277.532013
005842 0.018761 9.037176 163.331696 47.113007 213.221924
005842 0.026594 38.587830 23.370636 474.854706 208.817520
005869 0.916738 91.675171 123.534332 488.765808 286.453888
005870 0.937476 15.967728 106.038544 496.328247 263.186188
005924 0.348151 76.030701 63.515900 420.929779 264.254059
005932 0.005850 45.442600 232.891983 138.357605 272.377838
005950 0.005622 1.000000 87.256088 69.393181 158.281693
005969 0.010029 392.558533 1.000000 497.028381 375.000000
005978 0.012129 288.823029 118.547462 439.387909 143.123535
005978 0.015992 5.558603 132.406860 18.012625 218.644623
005978 0.794219 3.802711 121.423431 211.627533 239.680725
005978 0.053402 110.820221 127.894821 221.649841 226.521469
005978 0.006993 164.536194 115.758118 336.446075 218.612549
005978 0.039534 89.521027 113.250656 493.612579 223.875198
005987 0.023320 187.423462 125.021935 230.074677 188.723572
005987 0.020293 228.058044 130.502640 271.667877 189.492020
005987 0.005007 256.805298 140.087509 316.203491 195.942062
005987 0.081024 139.128510 89.973312 302.385132 227.074417
005987 0.011813 205.583466 107.731339 359.498871 231.731277
005987 0.403284 101.623840 97.662369 379.582977 286.521301
006002 0.014768 63.985992 83.784218 494.538727 312.408386
006013 0.005364 237.306244 252.272339 427.094269 366.782715
006013 0.130560 294.986633 290.700134 496.365051 378.000000
006013 0.068028 138.542709 243.862579 500.000000 378.000000
006077 0.005583 192.425964 147.385529 307.086975 231.484436
006082 0.886244 1.000000 16.486862 414.011597 378.000000
006094 0.023751 367.875580 170.239853 415.205658 210.184219
006094 0.006228 395.180145 53.318405 484.085419 312.963745
006094 0.067906 288.145508 137.246307 384.997925 329.036621
006094 0.014307 336.862091 128.131287 447.504669 320.101166
006094 0.492333 302.390900 43.668442 489.519806 334.706482
006109 0.037263 150.703247 258.485138 199.963745 296.481537
006109 0.179053 182.582962 250.019455 229.783279 295.729797
006109 0.010755 259.384460 237.553284 313.806274 301.234863
006109 0.009467 191.122971 270.364319 226.808090 306.210083
006109 0.006079 155.651642 207.911102 252.215332 322.529388
006113 0.040031 185.704346 157.994843 226.208679 195.789764
006113 0.137826 224.069366 156.144333 288.029327 206.325943
006113 0.014999 114.639244 167.992584 141.539108 247.592407
006113 0.015216 223.033997 177.018127 278.585632 225.034027
006113 0.005683 274.435211 179.059830 311.948639 225.116226
006113 0.015361 472.888977 176.101395 496.200928 245.741470
006113 0.009719 474.827820 213.545624 500.000000 288.374756
006113 0.426585 7.184605 142.948151 133.588776 295.887634
006113 0.092273 160.066467 159.127945 262.452667 252.579147
006113 0.689590 193.032288 151.506042 322.247498 260.569153
006113 0.695954 381.203003 140.711243 500.000000 295.948853
006113 0.018876 216.953644 193.977783 331.291534 284.852295
006113 0.008336 362.131989 177.797943 452.168182 305.213593
006113 0.006939 325.359619 115.065430 494.548096 336.000000
006197 0.010622 74.210426 158.743973 99.281685 208.292099
006197 0.008116 382.214294 156.998978 420.872009 199.955612
006197 0.006543 101.950844 90.643402 235.901764 204.676910
006197 0.017947 329.795837 26.776001 478.614380 357.330994
006197 0.934545 86.542404 24.004303 442.802429 373.734894
006246 0.005845 7.909538 1.000000 196.180145 305.457520
006246 0.700505 22.043365 1.000000 483.967834 341.962708
006283 0.033421 10.777823 94.658310 38.963017 152.301498
006283 0.006509 18.937332 30.452080 179.997131 114.354958
006283 0.005357 26.880974 64.722198 163.797760 163.718292
006298 0.008062 143.485840 138.500854 275.981018 257.767303
006298 0.931270 32.777496 40.658691 409.090637 360.426605
006317 0.007552 449.698914 39.511097 495.649719 120.402649
006317 0.010270 388.971283 1.000000 493.937653 325.901733
006317 0.732147 19.571320 1.000000 412.028595 315.345001
006317 0.007989 214.244644 8.943466 500.000000 371.873840
006327 0.081989 2.132799 195.829620 52.104225 261.894653
006327 0.019528 26.706596 195.093704 60.547531 259.919006
006327 0.005621 275.516876 215.939453 292.685394 239.752808
006327 0.016874 27.220757 234.668106 55.875633 264.332458
006327 0.012158 72.695923 228.166534 112.142746 263.200989
006327 0.005109 196.649338 229.667084 222.643387 276.720123
006327 0.009044 235.340103 235.708130 248.888809 281.269287
006327 0.011642 63.521469 168.621399 212.246994 318.934357
006327 0.920879 55.183853 61.980667 230.850571 355.342590
006333 0.005838 325.395996 7.972183 462.984741 110.679123
006334 0.015674 15.115003 181.758072 31.336834 244.004013
006334 0.021302 76.875885 183.203629 128.265533 238.421951
006334 0.006215 473.352692 193.159973 492.470001 234.416473
006334 0.005230 1.000000 106.943260 51.779205 296.260376
006334 0.010858 1.000000 141.326401 126.189102 263.825714
006334 0.737703 73.575897 169.261917 210.387726 255.468430
006334 0.030507 373.927338 139.135162 500.000000 261.035400
006334 0.023322 26.298103 173.209839 176.363281 286.629211
006334 0.011136 1.000000 69.809799 199.055405 340.313721
006334 0.007745 310.408783 62.679657 500.000000 334.266052
006334 0.011063 1.000000 140.785049 207.650772 270.569092
006358 0.011984 6.166211 164.413757 28.616596 212.825684
006358 0.062509 29.513477 178.130798 85.166519 215.541595
006388 0.886100 24.496185 187.128754 448.129028 341.960358
006405 0.645675 27.406845 204.763977 265.504333 404.964905
006407 0.005720 76.022293 187.161636 124.843033 264.554138
006407 0.006983 47.535954 176.525574 148.657913 280.661530
006407 0.932993 36.872711 93.499565 382.552582 339.992767
006410 0.007921 172.826523 166.779816 249.344925 219.825745
006410 0.012827 316.669556 312.549530 350.378418 358.900177
006410 0.008375 68.623634 149.928177 269.702942 244.980606
006414 0.006956 400.423492 18.382072 492.419769 85.027458
006581 0.015576 165.979446 194.056076 206.242264 244.245468
006581 0.006358 230.708038 181.575684 304.139130 218.868347
006592 0.005292 5.112751 172.776932 34.936005 211.032272
006601 0.005628 466.443329 121.233902 495.690521 185.469681
006601 0.005339 87.188942 170.439682 117.034508 213.563248
006601 0.012376 312.259979 165.756271 337.844757 212.197922
006601 0.008910 443.032196 190.358139 458.069489 204.771103
006601 0.006326 468.795105 180.554535 486.323364 208.484955
006601 0.005817 99.041183 132.279724 255.134964 252.232910
006601 0.948463 115.346985 102.955055 359.960327 291.461823
006613 0.005178 1.000000 7.634460 452.620361 329.368011
006633 0.011617 190.696091 73.454773 378.853455 148.521149
006633 0.047110 152.242996 53.839298 485.408020 151.574448
006711 0.006647 481.359375 70.043930 498.668335 297.345581
006711 0.121358 398.336456 69.631866 496.681610 329.817017
006711 0.120409 35.439117 164.084137 443.452545 375.000000
006713 0.072000 1.000000 165.206421 264.029114 328.058228
006723 0.019168 6.466670 68.759727 23.987957 163.256073
006723 0.005140 35.061039 95.286507 76.548767 134.786407
006723 0.010425 418.947662 88.356979 453.719513 140.556091
006723 0.106271 9.637763 102.002060 28.754833 170.338547
006723 0.034412 31.893450 108.417618 73.176796 163.629776
006723 0.007650 427.695709 110.479935 462.519989 157.871872
006723 0.055746 467.578552 104.739342 494.949951 158.570450
006723 0.005111 390.197327 71.727959 497.230713 196.064178
006723 0.005303 440.688202 59.267014 500.000000 210.798050
006723 0.948473 42.710999 61.627678 458.365875 195.419067
006758 0.009884 251.704010 248.839752 402.618805 366.642120
006758 0.010984 66.472488 288.465240 188.894669 374.000000
006758 0.005218 1.000000 307.767426 350.683441 374.000000
006758 0.005075 166.703842 296.573303 495.952698 374.000000
006785 0.060988 3.606088 120.417450 34.516827 261.213593
006804 0.012437 47.630917 217.870972 105.201263 275.644257
006804 0.006196 12.160114 181.938538 124.018646 316.305786
006804 0.017129 126.679985 57.601044 323.165527 379.018677
006804 0.105613 47.352036 21.576355 375.000000 469.238007
006811 0.005298 212.174042 144.494080 268.016541 184.619263
006857 0.041295 229.267670 151.959167 282.361938 207.687744
006857 0.013091 10.134441 113.462173 118.119736 231.837357
006857 0.015376 206.915680 110.830383 308.634125 234.397125
006857 0.006876 415.375946 84.861198 487.068695 257.047882
006857 0.143407 182.876022 79.242416 471.212158 277.343018
006857 0.020300 173.103104 1.000000 500.000000 334.000000
006904 0.005496 92.605179 245.308609 159.414825 328.429382
006913 0.011649 15.101662 157.815216 31.505100 183.507629
006913 0.032645 470.810699 186.871552 496.653351 211.526581
006913 0.010510 38.060120 132.968475 234.811920 212.818512
006913 0.011541 222.977829 129.391907 439.186279 215.272461
006913 0.909108 37.313675 116.540352 447.995239 243.340240
006954 0.010199 474.524353 144.089874 500.000000 219.634979
006955 0.006086 254.480591 77.076584 332.721497 128.681854
006970 0.007234 8.021408 294.649384 324.956665 389.699860
006974 0.005168 1.000000 44.604500 281.674255 223.393616
006986 0.012210 67.097839 64.736099 114.413712 110.805923
006986 0.006034 155.323578 72.227753 192.143036 120.934906
006986 0.014138 204.876328 48.164127 266.920959 124.832962
006986 0.062847 281.288605 59.055603 333.000000 117.278625
006986 0.276299 177.826736 16.229668 310.180481 127.760765
006986 0.448697 230.095169 27.707996 333.000000 119.795258
006986 0.006386 28.257126 43.323463 158.690445 145.343719
006986 0.179525 142.761688 35.646236 271.674164 159.683960
006986 0.025941 128.866119 6.720367 287.731079 266.776123
006986 0.149889 58.161026 30.276379 333.000000 155.335968
006986 0.006600 116.734589 51.989609 333.000000 125.932556
006986 0.006478 1.000000 1.000000 333.000000 300.183411
006992 0.102752 9.802334 165.835098 106.368057 237.830215
006992 0.052077 59.940304 162.735825 138.256393 241.143295
006992 0.043107 108.608742 151.465759 163.729904 253.799774
006992 0.007464 478.032074 142.508240 491.273651 246.848572
006992 0.104697 4.395862 183.998047 34.398689 253.819214
006992 0.011376 181.834656 168.016113 241.077606 265.349915
006992 0.006685 230.133896 184.522079 276.234528 252.424759
006992 0.010247 1.000000 148.426178 72.054848 282.822968
006992 0.848514 16.073219 155.368591 160.909180 265.911987
006992 0.707798 112.720589 154.453888 243.716614 267.579895
006992 0.125129 159.516144 156.547424 335.285675 269.016876
006992 0.014384 32.118256 144.856934 317.054779 256.108795
006992 0.841486 226.835022 138.535461 492.675415 267.659882
006997 0.011149 55.455658 5.151077 481.194122 288.524902
007001 0.009096 209.024170 140.809540 443.381958 355.723694
007060 0.006274 44.698486 55.159851 459.851990 251.853912
007082 0.009910 202.964371 184.463974 227.731369 202.619522
007082 0.012725 239.316071 188.586594 265.459167 210.346603
007082 0.016860 31.158401 295.792847 477.425476 364.813599
007111 0.888208 137.333664 140.152954 435.091980 227.931488
007127 0.006477 156.032745 164.006439 420.343475 247.168579
007151 0.008464 1.000000 1.000000 500.000000 241.168457
007151 0.017792 54.345016 17.283157 438.593140 375.000000
007156 0.007805 295.137451 139.732635 360.007507 186.892426
007156 0.023917 468.738953 120.151115 489.468323 194.055450
007156 0.007550 142.765106 180.704407 192.209961 205.536163
007156 0.018069 231.833023 164.879257 283.351410 211.228745
007156 0.026445 254.426117 163.070526 311.622894 218.314484
007156 0.016448 301.766266 160.136353 346.525848 217.024750
007156 0.067482 482.869751 139.508530 498.409851 241.071823
007156 0.010437 230.648026 128.684998 433.108582 226.341980
007156 0.215179 301.704742 118.893867 497.566986 234.667023
007242 0.009044 34.717548 98.779007 155.991608 214.847916
007242 0.007070 70.870598 22.358429 287.983063 354.703033
007242 0.902943 54.558121 1.000000 500.000000 375.000000
007337 0.013756 396.916748 186.308914 430.777405 269.540405
007337 0.005492 15.052550 223.648346 34.315701 289.600708
007337 0.018671 87.360626 230.786438 114.147858 298.448730
007337 0.039052 125.098709 219.939667 167.747757 302.156769
007337 0.005769 197.074234 256.374359 218.271988 281.553375
007337 0.032382 281.022705 241.493881 300.695496 274.135925
007337 0.005767 308.859619 250.056473 339.274780 280.022614
007337 0.017568 395.732239 234.004410 425.789978 282.532593
007337 0.039523 421.530304 230.679962 460.253998 291.207428
007337 0.005541 227.332367 259.954865 291.329926 301.198761
007337 0.005534 393.505554 194.040009 483.715149 309.963257
007341 0.006882 281.591736 308.926147 455.495789 375.000000
007358 0.010705 48.277512 1.278000 469.426514 332.834106
007367 0.013221 144.460556 179.304047 261.485718 219.870667
007367 0.045587 165.413696 193.893417 241.447113 234.078934
007367 0.631156 108.573158 182.348770 301.356110 235.991226
007405 0.195441 101.566498 156.952805 149.452087 199.595444
007405 0.186421 155.408615 157.454819 192.257462 195.267441
007405 0.005803 189.726761 156.014359 232.782272 191.572586
007405 0.006268 343.504883 152.794556 379.783813 203.106720
007405 0.008681 483.349274 128.808289 500.000000 221.584808
007405 0.865630 162.185547 127.598236 395.957397 238.596710
007405 0.007226 286.577026 119.478241 437.367737 236.657776
007405 0.614734 371.248413 83.352280 500.000000 263.335510
007405 0.042383 341.552124 134.515656 475.554871 252.541107
007405 0.013734 446.566376 105.883713 500.000000 310.999023
007428 0.005115 143.822937 11.048820 255.759430 226.148224
007495 0.853202 137.857498 69.004761 413.597168 354.421417
007501 0.034071 6.092026 1.376549 288.644653 157.496155
007507 0.252448 278.669434 181.768417 311.869507 218.522232
007510 0.019409 4.500083 231.346863 32.039303 355.567627
007510 0.005968 301.753510 103.951447 427.626617 266.024750
007510 0.049729 8.551216 105.619293 89.826683 363.412659
007510 0.025798 42.022736 107.977715 146.059952 340.880432
007510 0.341811 5.706854 154.784409 53.847313 361.801331
007510 0.023893 1.000000 1.000000 60.976883 375.000000
007510 0.063220 266.116486 48.045120 457.527313 344.106262
007510 0.892891 41.432526 43.626404 413.130890 361.919952
007518 0.024813 136.828156 162.767151 210.280640 219.127350
007518 0.013847 321.895721 152.134018 382.984772 219.451462
007518 0.005836 45.986252 222.317551 134.088760 260.708405
007518 0.033455 111.705276 221.708542 163.091324 253.865677
007518 0.024107 139.987564 215.035522 217.266006 257.602051
007518 0.014637 180.216415 221.720108 240.650528 248.935257
007518 0.015741 263.541077 225.129578 317.180054 256.349579
007518 0.037726 315.260559 224.640259 356.025330 259.938843
007518 0.046829 336.856262 214.578232 378.905945 260.457520
007518 0.014125 369.192444 201.493591 444.154968 267.699890
007518 0.020102 425.603149 203.501450 467.622559 274.438873
007518 0.009019 459.815308 197.810486 489.764404 284.660553
007518 0.010928 126.338379 135.045563 228.615112 251.771332
007518 0.019378 121.012390 190.911362 232.287903 278.743774
007518 0.213944 342.602783 184.241135 475.552124 282.279175
007552 0.005562 7.610153 165.515869 113.372894 205.781219
007573 0.068965 4.913178 154.647903 30.818203 246.277176
007573 0.152967 33.985329 159.010849 71.434105 239.383530
007573 0.006490 488.010529 115.159042 500.000000 267.216980
007573 0.153854 7.253153 196.647751 36.145088 257.946930
007573 0.225850 41.685371 201.876770 71.313141 248.625000
007573 0.665452 81.398170 173.252060 132.412094 260.063293
007573 0.066698 98.863113 172.357559 146.860382 277.748749
007573 0.006304 385.085876 81.664742 494.001282 304.602966
007573 0.006091 8.973034 168.268524 102.649567 270.795105
007573 0.117779 83.371544 155.781418 172.323029 290.326721
007573 0.008446 104.440475 148.622345 227.194016 303.562134
007573 0.333068 329.793793 166.476547 482.351044 290.067200
007573 0.009003 307.808533 23.417694 496.505920 288.517273
007573 0.472005 105.932739 118.394356 338.873810 344.255951
007573 0.018186 142.080902 95.075562 500.000000 293.405396
007580 0.005870 485.521851 194.704193 500.000000 273.478577
007580 0.006864 234.741013 262.549561 260.248566 296.929993
007580 0.005213 31.126755 225.030380 242.768814 306.670105
007580 0.012866 140.130249 223.707855 288.792358 308.644379
007580 0.005053 4.906960 241.800873 115.476562 347.246857
007591 0.008811 1.000000 135.700226 38.121181 302.195892
007591 0.015461 1.000000 69.854660 56.141724 454.263977
007591 0.157699 20.116455 87.706116 298.542511 434.741272
007593 0.005309 95.329727 15.542542 418.058167 114.822952
007613 0.130638 27.274948 74.537857 464.258301 331.976074
007635 0.007050 10.045315 19.770878 56.940525 57.058125
007646 0.007583 64.485947 1.000000 434.741089 125.097931
007665 0.005416 1.267467 33.059978 99.607162 158.440765
007674 0.005712 7.812408 124.511658 22.216560 176.979797
007674 0.007384 484.832153 129.610870 496.624207 187.144836
007674 0.035310 4.378269 161.783981 23.100222 232.921249
007674 0.087695 476.815582 141.647934 496.091217 241.281906
007674 0.006152 383.337921 124.949936 498.088043 243.369888
007674 0.919899 13.232101 78.820625 494.722168 270.504761
007690 0.038076 81.565849 85.387238 112.791618 135.264023
007690 0.086112 393.337555 84.396233 430.382538 156.017517
007690 0.657019 418.185577 83.788162 486.347931 149.020645
007690 0.098497 463.299438 88.256523 498.513123 149.292236
007690 0.008209 427.266846 114.074463 474.342285 150.128693
007690 0.063740 475.750305 124.620697 500.000000 157.131683
007690 0.030282 37.265877 42.904213 157.350403 192.389435
007690 0.010797 8.317970 89.294380 86.115196 225.339203
007690 0.008701 398.323792 78.569260 500.000000 192.469193
007690 0.007075 39.978058 15.697441 230.418365 228.829987
007690 0.921387 69.341949 15.582008 413.977844 253.042145
007700 0.050707 26.708694 32.216995 344.848755 500.000000
007714 0.051183 459.742432 135.125687 494.830444 185.625198
007722 0.005338 473.901215 149.733826 500.000000 310.914337
007734 0.009464 140.784424 94.328766 200.923248 132.836334
007759 0.071076 61.710083 1.000000 500.000000 127.804260
007759 0.014910 43.292358 1.000000 456.341248 286.739136
007784 0.010205 464.384399 39.475044 500.000000 127.152718
007784 0.013009 467.938171 73.202530 500.000000 165.437653
007784 0.086815 465.748322 116.020180 500.000000 196.491455
007784 0.019542 466.638977 153.036224 497.844849 209.022461
007789 0.005103 265.003998 165.330658 294.914398 209.054657
007796 0.021294 23.022690 124.925522 499.976501 334.000000
007818 0.008660 284.096252 142.472702 302.924438 158.920822
007818 0.019864 314.906769 135.285538 340.583588 160.189896
007858 0.045806 380.041321 51.543903 480.380249 162.824280
007912 0.079112 2.846462 142.176819 37.844204 206.012970
007912 0.008904 482.393219 122.235397 496.246246 220.033066
007912 0.006796 7.812023 176.173294 27.331043 244.777084
007912 0.007254 481.685944 159.294434 496.151093 259.016388
007912 0.028225 1.000000 86.510796 62.420181 261.415405
007912 0.006296 68.490608 139.855301 209.631226 257.495361
007912 0.010401 387.441376 140.869415 491.572113 272.847168
007912 0.955652 81.479752 74.368080 500.000000 295.076996
007944 0.007796 481.305939 49.457909 493.677643 103.395424
007944 0.005411 487.346252 76.754951 496.057007 128.300293
007944 0.959568 6.643860 34.546204 493.683807 197.489502
007949 0.070990 5.186109 195.308304 21.141800 282.480652
007949 0.009872 195.630157 204.392609 232.911346 256.862762
007949 0.024309 222.461090 206.776031 271.688751 255.977997
007949 0.013977 304.559601 202.265930 355.852142 258.757080
007949 0.011729 345.353882 197.482117 390.048584 261.644928
007949 0.014376 385.588501 207.422272 440.035034 272.620514
007949 0.184895 473.584259 193.614563 498.456757 262.131989
007949 0.006043 1.000000 162.732605 59.028641 327.620880
007949 0.557821 151.726486 173.840149 286.707764 314.915588
007949 0.784082 193.407028 168.991425 397.957520 303.346497
007949 0.045504 282.475616 177.063416 436.812775 287.906403
007949 0.668843 379.334045 189.224335 488.457947 278.556824
007949 0.008592 1.000000 171.899475 131.859283 350.636353
007949 0.814938 1.000000 165.144775 271.580322 339.085358
007951 0.012090 3.618048 93.744911 17.244606 235.968628
007951 0.811361 5.774673 45.441261 476.182434 265.298950
007967 0.010055 480.859985 40.174156 500.000000 118.135094
007983 0.006533 108.744110 57.711559 272.445648 145.034225
007990 0.926894 13.942627 73.723793 478.884003 308.180023
007992 0.005759 1.000000 72.938354 118.486862 183.082596
007992 0.096537 67.604691 195.887177 500.000000 333.000000
007994 0.006467 90.858322 65.236389 479.548767 227.264069
007994 0.025170 27.258270 1.000000 476.053284 308.041260
008034 0.320454 88.924622 1.000000 430.826233 91.551186
008035 0.008302 133.159393 318.006104 312.981995 354.209534
008035 0.236214 98.219780 317.733612 296.713470 388.684906
008065 0.008113 20.225300 263.021210 84.517731 296.392059
008065 0.008884 13.800037 289.206635 98.498978 333.099091
008065 0.081771 138.964935 243.395386 366.103027 315.177490
008088 0.056128 4.915055 101.816788 30.714111 217.056442
008088 0.013814 37.487026 121.630249 67.774590 192.100159
008088 0.194431 6.224028 146.922012 34.905785 242.025314
008088 0.040395 34.330086 158.255493 65.616493 227.895447
008088 0.011527 468.675537 191.338165 499.346375 274.354797
008088 0.005211 1.932642 37.966064 43.686882 273.986816
008088 0.006696 36.729832 119.020081 148.100128 262.854248
008088 0.005568 446.775513 131.291290 500.000000 319.729218
008088 0.853956 53.022369 8.705185 500.000000 372.765137
008090 0.006565 338.206665 357.149689 397.474915 375.000000
008090 0.012983 364.303314 356.913452 438.954559 375.000000
008104 0.026438 253.270447 132.072693 474.499207 243.271393
008143 0.011268 59.365395 176.971939 142.077789 198.685135
008143 0.005692 86.736725 177.771896 172.897949 196.410202
008143 0.011262 370.237762 169.668884 438.457916 206.078796
008143 0.006130 426.311584 167.644775 469.513916 207.465515
008143 0.011741 90.385193 186.950912 178.666687 206.133865
008143 0.100253 363.382080 179.524124 438.593689 230.488846
008143 0.013502 413.580963 178.822220 469.266327 228.744766
008143 0.028697 464.354218 177.279999 492.207855 232.552032
008143 0.098625 345.973267 167.369858 473.758911 242.978683
008165 0.009110 412.211304 109.293579 486.526123 150.476685
008165 0.014885 467.438446 97.583527 496.662201 166.735718
008165 0.007489 387.526581 144.534576 438.375824 194.856018
008165 0.005136 414.086365 142.572556 473.597656 194.271286
008165 0.033627 471.439911 135.929565 498.159698 204.446716
008165 0.333603 368.464905 98.769783 499.372498 241.761810
008195 0.018672 188.535645 15.415838 285.954315 72.796379
008212 0.005321 140.359375 183.293274 248.762024 254.090698
008212 0.007020 157.104111 216.390503 235.466110 265.653870
008212 0.007338 206.747757 419.394653 237.502945 489.894043
008212 0.011471 1.000000 68.207474 96.506012 500.000000
008212 0.008648 229.221283 77.057297 375.000000 500.000000
008217 0.021141 463.960815 72.573647 497.784912 164.220764
008217 0.284918 379.893616 138.709976 439.391052 181.565964
008217 0.017168 491.130402 129.026031 500.000000 180.634888
008217 0.013931 59.213104 155.762390 118.915024 202.489624
008234 0.005509 8.842682 59.406647 200.187622 257.426971
008237 0.007772 180.145096 138.817444 291.424927 228.602600
008237 0.010611 269.047760 150.613495 385.190216 216.498535
008237 0.009320 109.093918 65.562027 296.023926 280.889709
008246 0.006035 272.629730 88.615753 303.439728 116.360977
008246 0.006526 308.951111 82.437233 353.940857 122.519722
008246 0.024797 9.333271 102.541771 21.062330 152.575562
008246 0.017349 164.252289 92.241112 186.819366 143.697784
008246 0.010425 269.119843 105.730988 308.961334 151.013611
008246 0.015341 309.166931 101.936882 342.989075 148.464600
008246 0.084549 332.890533 83.216431 406.677338 149.759354
008246 0.777989 294.329102 62.495171 420.519043 149.002533
008246 0.881642 6.364433 45.078682 175.328094 214.229462
008246 0.009358 105.731720 60.309570 249.833496 189.207809
008246 0.821705 161.202271 57.810928 318.907684 177.387344
008246 0.008850 176.097824 49.762161 463.231995 152.679260
008264 0.015470 476.854034 113.089622 498.367157 205.493378
008264 0.186171 9.059266 160.684036 35.428551 239.408310
008264 0.033786 68.188126 167.063049 116.375992 229.575043
008264 0.047457 109.304619 167.325089 155.842499 218.605179
008264 0.093664 481.703278 162.576828 498.912628 218.821060
008264 0.081856 15.278392 201.320923 35.026188 236.499115
008264 0.063429 34.791054 180.701752 69.023621 250.523529
008264 0.005858 1.000000 117.680389 67.172638 262.651123
008264 0.448327 24.272156 126.640457 101.972694 264.640991
008264 0.114020 31.016949 142.575195 157.056885 284.226776
008264 0.018149 5.210922 101.448036 190.085754 337.581055
008264 0.905417 41.995605 64.159180 474.706177 340.759583
008286 0.023336 96.524879 145.093964 264.185303 274.013885
008337 0.008149 484.661957 127.544106 497.876068 262.267731
008337 0.034333 487.784821 174.246216 499.371124 278.227631
008337 0.013422 4.893318 30.287003 214.903961 350.857605
008337 0.028909 252.141937 69.174728 490.578278 363.493225
008337 0.922098 16.129395 27.859512 477.441376 357.147400
008353 0.040197 17.950066 85.105400 83.647072 133.160767
008357 0.053217 2.866398 78.973969 37.335167 153.987610
008357 0.015390 31.943243 91.050919 70.606613 151.568192
008357 0.018639 78.307808 97.141891 130.271301 138.832352
008357 0.611718 5.792757 109.686424 58.880745 179.886322
008357 0.042877 74.511391 114.296669 130.523026 168.115723
008357 0.013908 1.000000 98.320824 105.268929 183.840912
008357 0.112843 42.288326 90.580170 163.049347 188.931580
008357 0.934006 56.528687 72.459389 440.350830 217.613281
008366 0.012522 468.448029 128.258133 487.298126 198.300003
008366 0.011232 428.860809 176.540573 453.543243 210.277603
008366 0.041115 477.205383 175.317474 489.768616 212.163757
008366 0.915994 49.803757 12.690323 447.772705 342.485352
008367 0.017192 37.808353 41.358192 155.295074 114.229210
008375 0.005048 1.000000 390.877319 27.541710 439.991455
008375 0.078328 10.220722 368.530273 59.989803 456.129761
008375 0.016109 37.591118 355.993347 94.579170 456.172668
008375 0.017872 16.608624 349.070160 120.990189 474.956757
008375 0.008517 1.000000 368.323700 84.723541 500.000000
008375 0.012484 32.896149 84.501251 356.516388 486.274445
008379 0.006274 187.848709 240.905121 238.451645 272.080322
008406 0.883157 135.775848 257.718323 320.670776 332.208435
008406 0.012285 126.863281 256.431091 500.000000 354.912415
008448 0.019027 482.345215 200.012665 499.689392 270.199860
008448 0.016674 3.005624 215.998672 23.715393 325.089478
008448 0.018065 365.755859 248.071106 394.000305 303.437866
008448 0.032972 482.211060 235.257431 497.085510 304.052338
008448 0.015410 9.632151 262.226654 34.281349 333.488922
008448 0.010558 361.026917 266.210175 389.427734 325.612274
008448 0.604769 370.315674 250.312943 456.460938 325.784790
008448 0.029164 317.342468 249.043289 430.760437 336.700195
008459 0.005672 9.178452 264.955750 477.070190 375.000000
008479 0.005502 5.390463 116.407410 30.202753 197.617889
008479 0.009143 1.000000 89.993652 77.604103 222.306183
008488 0.894364 209.489243 98.154900 348.187622 215.980865
008504 0.008323 114.549423 1.000000 155.332748 31.369499
008504 0.005414 151.894867 1.000000 211.810974 23.307629
008504 0.008814 177.099792 1.000000 230.770508 21.276381
008531 0.025142 5.578484 144.096588 38.739468 183.800079
008546 0.016730 1.682395 147.677826 12.083590 236.688446
008546 0.927920 20.641296 1.714737 478.194763 369.194336
008548 0.007843 10.814838 23.294998 27.632221 62.143639
008552 0.008968 4.828156 39.914749 320.938049 402.120605
008560 0.739107 179.051880 93.053322 337.678162 249.791595
008630 0.006423 306.496063 139.002579 354.037079 190.463272
008630 0.008499 421.880249 155.660278 471.453186 201.890411
008630 0.020398 443.941589 146.474548 499.187378 203.483002
008630 0.012044 289.670410 110.012222 427.707703 236.771988
008630 0.005966 434.905945 95.459312 500.000000 248.568634
008630 0.928096 105.856491 77.002548 423.744629 306.919556
008634 0.005023 9.256874 93.306992 24.193256 146.431473
008634 0.024618 40.817238 87.834457 82.637939 144.625931
008634 0.010524 11.537342 60.493050 111.541397 168.003204
008634 0.014657 396.894073 58.079422 481.533844 254.260483
008634 0.036785 376.604584 117.509697 455.367767 259.988953
008634 0.376601 87.313171 6.890152 419.904205 372.392822
008642 0.007022 399.801025 117.744102 490.560913 257.629272
008642 0.873823 40.307205 124.932045 462.484375 298.457611
008668 0.014451 483.864532 91.144882 500.000000 179.565475
008668 0.026398 215.618561 33.682098 494.610870 308.767517
008689 0.006234 1.000000 3.863430 269.554321 111.277664
008694 0.015385 1.000000 106.840065 120.301468 238.566040
008694 0.023480 14.232689 154.544708 181.902100 270.648651
008694 0.013058 1.000000 146.302521 444.698792 273.774872
008711 0.005493 370.767365 1.000000 500.000000 129.901596
008712 0.145974 465.666840 169.451782 496.561005 252.993988
008715 0.005104 474.491425 197.794800 500.000000 295.597717
008724 0.022649 9.845665 13.637118 123.280739 43.914085
008726 0.013633 1.000000 1.000000 292.827148 390.180237
008736 0.794122 347.280884 85.134628 492.872620 291.228210
008765 0.007497 464.726471 156.162872 494.899750 223.373810
008782 0.010465 483.869385 110.981377 496.478394 192.856689
008782 0.005488 346.949829 161.746841 386.796814 219.738174
008782 0.010370 256.318787 139.806534 393.517090 250.453445
008782 0.027420 328.239410 119.644699 497.553375 244.258621
008782 0.842943 104.907501 119.612030 387.651337 274.718475
008788 0.007158 7.037775 216.892975 19.416590 295.997711
008788 0.006038 6.634081 267.315094 33.180092 307.168488
008788 0.934866 37.718216 170.222992 393.081726 378.124054
008798 0.007883 174.034836 187.135529 192.677841 215.720825
008798 0.018806 195.278275 174.212891 225.630844 233.645966
008798 0.011192 222.314117 160.564102 265.948944 233.851334
008798 0.006738 171.104095 207.584473 195.996002 233.740295
008798 0.302892 198.628174 191.575546 236.143311 254.667862
008798 0.341125 208.974976 180.152008 267.401703 273.267487
008798 0.022857 204.044235 141.846558 295.525146 264.427032
008798 0.011171 232.860580 144.982895 321.179382 299.892700
008798 0.860974 256.393982 102.764542 488.969482 368.087769
008866 0.119907 405.624237 234.821869 493.997589 366.391632
008893 0.007488 473.520508 97.280380 499.959778 167.570969
008895 0.019227 228.253479 170.364395 260.340790 193.019363
008895 0.088544 269.987122 164.378159 319.601379 200.131516
008895 0.367168 1.000000 133.078415 198.338715 250.191635
008895 0.265859 8.123760 143.290283 127.121796 321.216766
008895 0.027695 17.137024 100.225250 242.306213 344.300018
008903 0.047071 4.813240 149.811371 48.069988 182.218933
008903 0.007521 27.627089 157.738358 62.908096 177.830154
008903 0.006657 474.573151 137.002380 498.262604 175.012665
008910 0.022004 3.098343 1.000000 280.873901 80.929932
008915 0.022420 4.745723 189.386932 23.736637 265.527771
008915 0.039666 6.259794 225.296844 22.253908 286.403168
008915 0.922207 21.067993 100.413101 291.718323 388.954468
009021 0.008801 11.585480 275.010010 35.949638 321.488281
009021 0.013272 13.249882 56.084793 131.182983 390.341919
009021 0.938052 25.429893 25.053833 276.860748 461.413452
009033 0.006235 85.216599 323.465668 145.391891 343.977142
009033 0.008450 122.061287 323.060181 182.478333 346.545776
009033 0.008684 128.870514 319.975525 247.997375 355.661194
009033 0.006527 183.389481 323.445343 271.614838 354.422394
009033 0.014576 117.620956 305.986115 261.056030 378.580658
009038 0.936499 122.625267 76.107552 363.978729 246.225281
009041 0.017382 2.336212 2.374138 353.162720 179.977386
009041 0.011713 3.573059 1.000000 490.323242 250.093307
009062 0.012835 389.250275 102.602982 434.868805 202.963699
009062 0.009622 413.956604 93.255180 455.831482 227.721863
009062 0.010921 473.892181 77.310860 493.385590 239.750793
009062 0.007942 299.524139 150.422028 374.108917 220.487061
009062 0.006219 374.984436 85.186150 452.367371 218.545380
009062 0.005832 456.967529 27.706207 495.529114 284.854004
009062 0.006727 82.711395 132.736893 265.303528 227.521683
009062 0.068025 256.544281 141.295502 409.255402 228.889374
009062 0.946854 81.371323 116.407974 427.131653 237.766190
009077 0.007788 175.548523 133.445221 250.306091 189.858521
009077 0.019925 126.583092 108.014267 302.425934 180.698166
009077 0.005417 1.000000 92.705261 304.927124 235.836914
009077 0.005989 113.725647 110.370705 462.567627 225.781586
009092 0.005414 321.544800 158.968506 341.012573 188.137817
009092 0.064580 356.645752 159.415634 384.371643 208.446701
009092 0.861555 220.354095 117.888832 356.571198 229.737854
009092 0.006482 309.280945 116.902100 417.669983 224.959961
009111 0.022713 423.393066 156.769073 466.931763 208.019104
009111 0.012664 476.078400 163.381241 494.426910 198.459732
009111 0.137964 3.637844 123.197800 125.205856 228.407089
009111 0.901490 148.361572 66.755775 451.812500 281.955627
009122 0.179490 1.000000 241.563156 39.965225 297.320862
009122 0.345432 1.000000 250.528671 101.451851 298.776001
009122 0.019388 50.334538 255.414230 130.457230 293.882690
009122 0.006401 125.830421 250.886963 207.246094 292.604309
009122 0.008937 179.080246 258.607697 237.862961 293.032562
009122 0.032722 238.041931 259.335510 284.890625 301.250732
009122 0.140010 8.185957 275.573212 32.432281 314.772858
009122 0.188455 12.033478 270.194000 85.437103 312.791595
009122 0.006577 119.926590 289.419586 201.202103 330.656342
009122 0.006639 199.814316 287.518036 233.668808 315.620636
009122 0.125933 224.949310 282.221405 285.054169 331.543610
009122 0.019149 258.450226 286.398529 299.391510 325.874725
009122 0.011684 447.383820 111.230507 500.000000 338.649597
009122 0.009241 29.666721 234.645294 153.251740 316.213409
009122 0.012136 190.142197 266.202972 309.289490 338.572601
009122 0.866386 278.627869 263.998932 500.000000 356.517975
009125 0.006096 98.461014 211.062500 407.890198 370.346375
009188 0.006092 490.915314 133.103348 499.863312 176.744308
009188 0.907817 9.225235 50.899513 500.000000 283.555328
009261 0.013586 309.715424 255.319031 496.703033 337.093811
009265 0.005787 118.010544 130.984680 164.913284 181.644867
009265 0.005463 3.849169 207.383850 16.055185 279.149323
009265 0.009845 13.711533 92.534470 104.941521 309.830017
009265 0.021732 12.316612 6.799057 178.399963 324.000000
009265 0.478828 12.664322 1.000000 442.432556 324.000000
009298 0.005275 317.979614 24.459824 500.000000 346.797974
009298 0.898311 7.314438 13.490784 351.857117 358.631531
009304 0.008668 280.563782 177.547775 301.475281 281.299011
009304 0.012896 483.965179 162.178375 495.435028 312.494446
009304 0.006675 239.617645 119.031311 327.801300 329.888245
009304 0.900874 282.381683 27.395187 500.000000 372.702209
009304 0.552707 157.494965 97.521317 318.411499 336.408997
009314 0.605110 198.854446 192.493271 312.860596 333.516785
009322 0.005112 201.683258 189.876892 233.811005 225.103088
009387 0.020446 218.098389 252.531708 348.099060 284.881561
009498 0.008610 380.715607 192.516922 412.684296 218.169388
009498 0.052620 374.773071 203.854782 419.039490 228.005386
009498 0.025601 404.691681 202.357239 485.303070 235.204651
009498 0.006956 478.356018 210.714752 497.170715 247.570526
009498 0.910577 99.900940 64.267586 356.211395 295.452698
009506 0.098273 57.818939 35.664993 499.692291 333.000000
009510 0.007272 7.290603 182.691132 24.780540 214.833618
009510 0.924466 84.800507 144.047638 387.599518 282.325562
009530 0.008598 117.805496 252.116287 162.921707 270.748810
009530 0.610817 190.646271 243.680023 284.308502 271.089325
009530 0.160701 272.687531 248.700745 315.101105 267.665649
009530 0.089982 169.825027 256.383118 272.980103 288.119141
009530 0.006523 272.766541 258.344910 312.550476 273.561035
009530 0.007707 148.108368 225.354172 292.259064 273.231079
009530 0.009909 130.792160 251.205368 293.793030 301.053528
009555 0.023967 129.777206 106.466461 150.597458 124.464584
009555 0.010262 153.722626 102.949471 180.090881 119.244942
009555 0.007079 197.546463 106.043381 228.227097 122.188782
009555 0.719634 377.533600 92.725685 492.562714 124.461174
009555 0.212763 5.419971 57.995602 128.847260 137.227783
009563 0.008739 177.146561 69.337181 318.610046 199.636017
009564 0.016751 2.868389 149.590485 44.904743 213.191650
009564 0.010618 141.112030 146.847961 196.271545 216.587402
009593 0.007135 397.535248 59.443192 500.000000 232.093155
009643 0.017503 287.293427 171.733368 330.861542 198.512909
009643 0.145104 217.937439 195.353592 297.249817 246.928268
009643 0.014134 286.904083 193.936615 324.021088 220.214844
009643 0.005526 328.275848 203.027100 362.353973 228.891937
009643 0.071527 222.170776 208.928482 282.384216 266.690491
009683 0.005810 479.365692 140.042465 496.339386 183.911789
009683 0.006062 428.156677 174.557892 450.295349 201.223663
009683 0.005811 486.385620 166.992126 498.975220 207.012360
009683 0.013078 298.639404 128.456894 439.445251 244.886398
009683 0.868904 86.197250 117.159637 432.666016 272.969940
009694 0.005935 386.587860 262.122467 500.000000 347.915497
009704 0.639479 53.929291 120.145752 282.695282 249.140747
009704 0.197808 156.738449 139.865234 269.900085 258.411621
009714 0.710599 17.893341 73.577515 286.699188 495.382202
009727 0.008806 4.807635 69.077652 23.390266 158.891663
009727 0.011709 3.789546 114.041267 15.845698 188.782593
009727 0.005012 22.721752 125.618698 99.938828 170.857010
009727 0.013635 58.474346 139.682892 141.077133 170.626465
009727 0.033490 98.447021 140.965027 175.679169 172.634247
009727 0.012710 110.801926 136.197418 223.087692 173.883179
009727 0.007220 74.376564 170.044464 136.508942 196.789062
009727 0.007537 108.295441 174.093887 151.028473 207.723404
009727 0.006402 129.667328 163.192505 215.230743 199.342224
009727 0.006574 1.941349 92.846939 115.996506 209.412308
009727 0.008184 102.397720 115.260666 323.010925 188.106552
009730 0.021250 17.119171 266.855408 104.152382 289.421997
009730 0.006020 53.257946 269.854218 128.371216 288.500458
009777 0.012437 283.899475 178.077194 313.930847 218.859085
009777 0.006303 305.221985 177.348389 343.174072 225.272797
009777 0.235310 326.211578 173.484970 418.203033 228.742508
009791 0.008140 8.950562 233.794510 363.892059 375.000000
009804 0.005604 467.995117 52.617889 497.168274 135.894501
009804 0.005132 3.403843 105.896759 13.751545 162.899445
009804 0.011288 472.260498 115.596107 497.393188 158.665741
009806 0.018211 153.723328 143.954254 205.204529 208.262482
009806 0.007029 106.416573 194.179810 143.361755 224.682434
009806 0.013662 161.823883 182.611389 194.188538 226.456299
009806 0.124418 193.263870 167.425888 226.303726 220.083664
009806 0.010003 432.079987 200.648773 447.154388 223.032135
009806 0.019813 477.729309 198.028503 492.514587 230.977753
009806 0.013072 125.714157 111.927162 221.271439 237.346283
009806 0.022377 164.512817 94.474411 248.866516 250.194839
009806 0.942429 191.269562 41.563721 410.646515 300.484711
009817 0.022784 107.270126 117.872467 488.410156 375.000000
009829 0.011515 269.805908 259.160706 307.188110 291.554504
009829 0.038639 313.846283 262.960480 356.427032 295.052582
009829 0.067478 336.518921 264.235992 386.425842 300.119110
009829 0.054615 394.788818 271.259796 430.071289 293.126312
009829 0.009004 426.773376 270.007446 460.357605 290.042114
009829 0.010666 395.260071 278.235229 428.253418 303.372437
009829 0.010125 442.856781 267.915009 494.406036 337.103180
009829 0.874352 2.687515 224.565582 239.937180 371.964264
009835 0.005222 488.852936 204.507523 499.608734 263.414703
009835 0.006627 380.590759 251.389328 425.136047 280.686005
009864 0.009531 7.403046 229.302414 180.930862 375.000000
009864 0.047472 10.478333 162.224426 271.226715 373.688843
009885 0.009241 3.862274 95.834045 200.787170 373.833466
009919 0.011994 6.552343 137.382416 43.733040 181.503693
009919 0.028550 2.881104 138.663879 112.051895 179.886871
009919 0.007430 7.248381 157.706909 29.914255 193.734955
009936 0.593253 154.994873 87.980591 414.696045 268.336945
009941 0.006329 176.295212 63.538681 289.100220 134.891785
009941 0.009234 99.133690 19.161560 320.000000 129.058807
009943 0.008637 8.859726 10.360458 486.193909 114.120476
009951 0.013515 276.157196 135.252380 479.012299 333.000000
