000003 0.006821 146.178879 119.818939 197.781265 181.145996
000008 0.008393 236.998749 20.658752 327.520660 61.214104
000008 0.008090 245.232239 35.211311 313.404846 93.202393
000011 0.228728 152.211487 49.648479 222.016846 116.902466
000011 0.023437 211.652573 61.607132 266.056976 112.177231
000011 0.008152 129.444580 116.098328 172.245056 147.565613
000011 0.014344 148.405106 94.196060 200.767319 142.733627
000011 0.015090 151.582611 172.705750 212.322906 247.345917
000011 0.048066 147.776093 205.321075 219.584320 261.212555
000011 0.050682 145.251495 52.058701 283.297485 183.789062
000011 0.900818 150.802887 159.341553 325.902985 294.473053
000028 0.006022 53.967331 13.181656 375.000000 107.117943
000028 0.940284 59.230896 41.616211 364.381287 492.557373
000037 0.006697 382.069275 4.550652 494.645813 87.904861
000049 0.888259 199.733795 128.531006 355.486786 232.478485
000049 0.020714 146.048462 96.261566 434.402588 256.418701
000053 0.947841 53.924942 16.997772 430.874573 263.678894
000062 0.009342 469.434998 231.057465 497.254211 331.152130
000068 0.087229 84.051086 41.806961 499.753784 349.071167
000092 0.064489 286.729553 84.148514 443.675049 224.148788
000092 0.915128 27.833054 76.635643 417.835754 322.795349
000098 0.010181 112.901611 114.184532 187.952789 158.318832
000098 0.010370 145.324997 107.357300 212.479935 153.943848
000098 0.036649 80.985184 100.463531 217.478256 161.812775
000098 0.013098 134.405258 103.908386 278.286987 166.669434
000098 0.704308 43.747559 49.612709 339.102142 164.905548
000098 0.006199 29.653152 12.434052 344.327637 258.976196
000114 0.005693 190.720200 112.185966 316.168182 315.026825
000114 0.918273 182.222778 52.274216 391.305725 332.484680
000115 0.008995 4.153976 270.654755 235.120377 500.000000
000115 0.221348 2.851639 371.460022 321.570007 500.000000
000119 0.918089 101.199234 96.942238 308.872314 338.454468
000127 0.010382 465.022705 6.297096 499.257141 154.240784
000136 0.830293 331.169464 207.343597 392.817963 274.679016
000136 0.013666 322.093048 201.549835 411.783112 310.121368
000157 0.361440 125.765549 143.375488 389.586426 227.901550
000160 0.012053 263.728516 280.881592 310.562988 312.024902
000213 0.006337 177.386658 159.116241 275.022034 323.504303
000213 0.835686 138.502686 61.940025 311.679749 289.686859
000213 0.032577 8.678696 84.821777 310.538208 494.331543
000227 0.641732 208.353958 129.384064 357.041992 317.232788
000227 0.353084 218.867310 141.599854 493.756165 341.662415
000247 0.034951 1.000000 315.942780 375.000000 489.609955
000273 0.005782 1.000000 252.546463 124.711357 340.012207
000291 0.137640 15.441299 15.925579 160.832443 88.686127
000292 0.926507 54.419144 2.412354 459.116638 375.000000
000299 0.013868 1.000000 148.547546 40.448318 225.201019
000299 0.045993 1.000000 142.318680 129.459091 240.781326
000314 0.021212 334.749023 165.798676 380.132446 236.698212
000324 0.033304 34.685532 89.400490 374.582947 244.203247
000335 0.055474 1.000000 24.069931 374.692047 470.767334
000339 0.006261 76.826332 97.004868 123.881889 133.747131
000362 0.033350 3.098588 41.626160 22.780193 300.007629
000362 0.014017 3.000776 1.000000 38.054367 313.195099
000365 0.006815 154.312744 254.238708 278.352417 386.389282
000365 0.905988 118.087387 138.140701 272.740540 380.550903
000365 0.010983 142.282013 146.513428 354.775787 437.921753
000384 0.019481 19.634575 103.934906 186.517212 283.655304
000401 0.940528 1.000000 107.937065 198.739899 258.951172
000401 0.030528 380.480286 101.104698 500.000000 263.329132
000401 0.008217 26.568115 181.435974 406.936768 356.216858
000401 0.805399 184.564713 162.277588 488.710571 374.685730
000409 0.005515 63.373161 344.885468 276.679718 463.077362
000409 0.005070 6.548779 30.464813 94.327515 473.403687
000409 0.356771 3.229065 315.832001 332.000000 488.748505
000409 0.019703 15.085831 58.532166 331.086792 495.191284
000414 0.006400 312.648621 86.412773 358.330200 142.240692
000426 0.007780 6.891544 211.914276 105.268951 317.864288
000426 0.082192 1.000000 157.441803 257.806763 280.712921
000426 0.010292 21.682022 10.810516 481.590393 304.056641
000442 0.934398 19.493805 1.000000 500.000000 375.000000
000452 0.006563 146.954117 160.651459 200.481918 217.990540
000452 0.015248 184.234802 153.562027 259.335846 221.225296
000452 0.482921 212.843048 139.792328 285.151947 219.658997
000452 0.014443 143.012268 194.216568 207.908813 253.307693
000452 0.085993 149.265701 128.798218 284.698120 240.477661
000490 0.038839 4.953449 239.807129 81.082855 314.576721
000505 0.014776 1.000000 30.918358 33.445297 225.182556
000533 0.068054 468.765198 6.772102 500.000000 76.497101
000533 0.006972 103.606476 69.116631 163.184753 110.468422
000533 0.007600 476.994720 24.437294 500.000000 115.317177
000542 0.011531 1.000000 6.312119 192.067688 304.443909
000542 0.948568 11.798676 1.000000 488.791595 370.479919
000546 0.051508 1.222015 134.383240 318.380035 374.228638
000547 0.019183 15.939257 320.403992 70.138725 415.823303
000547 0.008962 9.588837 318.054596 78.421394 491.534821
000615 0.005626 327.206665 118.639542 410.111572 169.180466
000638 0.006999 1.000000 2.519291 225.210648 105.408844
000638 0.036220 1.000000 23.139732 369.005249 189.652832
000638 0.808354 17.120895 5.374985 358.392334 422.894592
000642 0.012708 387.914978 119.546967 442.789795 169.314270
000646 0.007942 64.729279 62.842461 129.967239 97.871590
000646 0.006939 98.155594 63.475792 151.995544 101.343651
000650 0.007136 364.659668 196.758957 422.529724 280.811157
000651 0.084791 100.601624 1.000000 474.787476 339.060852
000658 0.005857 465.164703 280.672485 494.697601 347.090515
000658 0.007308 381.286652 322.366547 449.959564 351.540985
000658 0.452568 395.343689 305.341949 500.000000 349.468048
000658 0.010883 457.807129 313.456970 496.664062 364.152100
000658 0.018593 387.695587 264.003693 493.434662 362.769928
000664 0.005174 103.317139 217.330109 237.868530 375.000000
000664 0.009391 31.513809 219.680420 327.301575 371.449036
000673 0.029709 3.521839 73.885315 49.413391 333.000000
000673 0.010319 1.000000 155.133240 101.739143 326.534698
000673 0.963822 26.448715 9.546082 452.884521 319.433136
000701 0.063934 138.987366 97.594345 260.199371 216.248581
000701 0.216743 125.173462 82.563820 464.385437 304.624725
000708 0.008556 199.707733 10.432693 327.275421 125.218964
000708 0.019538 33.734467 2.045868 392.049164 406.577881
000718 0.005761 139.140686 12.505737 315.749176 375.000000
000734 0.006752 382.683350 169.147964 443.619568 253.490494
000734 0.008310 386.829163 140.338974 465.409973 272.663025
000741 0.077640 235.116241 70.738098 416.696747 218.347229
000741 0.005329 262.495728 60.551483 449.822693 375.000000
000741 0.475730 10.519669 100.559837 280.814453 293.831421
000741 0.969642 53.710846 85.613602 422.264954 375.000000
000769 0.058040 9.078140 25.504227 266.052612 325.309998
000785 0.007913 319.290039 45.986748 500.000000 182.911896
000785 0.304161 27.706757 26.726318 487.515594 307.173279
000803 0.007647 69.699966 181.948944 129.261703 235.585449
000803 0.039185 245.996078 196.841949 340.700500 234.449432
000803 0.825401 98.161125 76.363159 249.885925 259.092926
000803 0.006032 1.000000 72.812523 221.010284 274.619751
000803 0.076191 77.358002 97.957542 418.119843 247.856506
000803 0.110545 14.407471 205.397247 473.810059 333.000000
000803 0.038701 1.000000 63.046661 434.806396 333.000000
000861 0.008602 202.025055 20.674019 308.650055 121.944649
000861 0.007482 186.313232 15.132317 320.000000 231.743805
000861 0.006231 44.673874 30.446442 314.140381 238.645752
000877 0.100762 206.448242 112.563721 287.025482 182.392792
000877 0.848140 175.701141 101.409195 304.132172 286.081787
000886 0.005001 458.773956 8.454933 484.872223 43.008156
000905 0.007633 382.380463 1.000000 500.000000 94.657776
000905 0.006791 154.439682 1.000000 500.000000 86.696106
000905 0.049597 7.257576 31.242844 259.812592 197.527710
000910 0.044691 114.319336 4.046509 469.561401 207.407852
000928 0.937626 11.567078 85.681046 213.157272 236.243607
000928 0.013209 182.296631 92.974777 320.470367 210.997269
000928 0.009254 388.915588 67.955704 496.514160 239.123276
000928 0.916948 268.605316 107.937851 451.000885 268.775513
000928 0.014440 39.736481 85.588783 394.085846 217.084717
000933 0.018266 189.392563 142.563507 257.312561 199.427277
000938 0.012617 20.208992 238.297073 91.560356 295.845551
000938 0.017759 77.742416 248.777054 114.301926 288.503052
000963 0.030779 1.000000 42.984055 412.864136 333.000000
000978 0.023130 169.748627 291.925415 484.662140 371.347595
000998 0.980520 17.339142 74.468552 318.481079 487.282166
001006 0.005569 375.254486 15.774456 424.070282 72.053864
001006 0.021967 314.261414 269.698120 402.530579 331.578491
001006 0.009923 358.448578 263.147705 467.453827 329.373169
001019 0.031903 4.319340 174.801910 126.013138 419.072845
001019 0.954816 64.449493 10.929459 359.705048 418.951721
001032 0.905391 89.351181 6.144211 498.593689 375.000000
001044 0.005094 17.442795 35.685242 143.980087 115.845428
001044 0.011451 195.964203 43.802906 343.638275 129.074310
001048 0.734315 195.565735 85.387993 370.703857 235.793610
001048 0.012330 196.772125 160.198120 367.183929 285.143097
001048 0.029102 89.979553 90.022659 410.538086 280.626099
001048 0.005764 1.000000 1.000000 437.972534 375.000000
001095 0.058756 60.047806 166.752411 358.057434 352.581146
001098 0.968301 51.760040 28.268692 372.325378 484.955688
001103 0.065466 137.262253 117.023796 328.978882 363.629761
001117 0.012440 7.190219 241.356049 31.488068 352.174530
001128 0.005367 315.989014 100.649895 388.464600 163.727417
001128 0.601282 262.899567 89.652206 401.550568 161.922318
001128 0.028961 192.314911 77.160912 384.116241 203.372559
001128 0.855548 1.000000 87.178635 316.390411 312.424927
001132 0.210917 12.688324 79.411720 363.720856 282.498077
001159 0.129954 224.373825 261.676758 307.237396 345.327271
001173 0.006283 336.220337 109.576866 390.832642 215.906860
001173 0.021719 326.256531 44.366692 489.075500 237.753845
001173 0.010925 251.733856 69.003540 391.205231 244.572174
001173 0.922393 236.197800 28.321640 500.000000 309.073242
001180 0.016179 66.306732 154.174347 326.229645 491.036041
001190 0.006153 95.428207 168.390854 450.555786 303.139648
001190 0.166958 84.430252 230.670944 410.844299 356.439819
001197 0.005318 397.171875 92.045441 486.284424 161.447540
001208 0.572397 265.714172 5.395493 489.595764 292.093994
001216 0.802806 322.868164 59.501778 383.364441 148.795258
001216 0.054876 134.168610 123.710907 199.056183 203.702301
001216 0.011731 2.141140 101.809006 31.871185 278.453430
001216 0.040432 115.492447 144.604797 182.478378 222.351685
001216 0.015619 347.758789 147.560211 388.474548 238.402527
001216 0.009423 356.700714 193.741867 397.607819 254.051865
001216 0.005651 377.439331 204.677292 407.532715 257.308685
001216 0.022828 6.536015 41.833427 55.058872 263.913757
001216 0.024444 1.000000 64.528244 105.169930 246.641037
001216 0.013090 315.969635 65.755310 389.307648 218.594269
001216 0.040945 3.997498 124.011894 196.427261 253.730682
001216 0.191172 116.312645 119.380676 217.550934 242.664764
001216 0.041885 262.122467 109.100372 407.411163 271.072723
001216 0.026856 326.100586 30.752655 487.319824 358.770264
001216 0.549493 5.036209 81.373016 205.228836 372.609589
001216 0.025936 1.000000 28.134552 372.958374 349.637085
001220 0.007170 15.797287 121.354942 358.292725 331.369171
001246 0.007172 334.869812 201.378937 487.336304 349.317108
001246 0.014653 164.422943 188.722839 486.058685 362.317688
001249 0.007818 180.558105 343.097198 274.757172 395.107025
001249 0.033809 121.752945 326.214935 328.858826 419.894440
001249 0.244815 239.596832 321.181458 356.754913 427.144958
001249 0.005394 287.228790 298.426086 372.815094 445.084412
001249 0.909273 22.964447 321.674225 347.177734 470.222076
001249 0.007017 11.020615 24.170197 363.110840 472.941681
001261 0.006483 147.950867 224.398560 281.540131 369.276611
001261 0.006643 68.999344 212.261078 356.276428 375.000000
001271 0.007814 439.502319 1.000000 499.273132 148.719177
001278 0.007770 242.690674 1.000000 500.000000 371.302185
001278 0.053070 6.865280 19.151077 440.514404 342.836975
001319 0.009608 329.657410 186.440430 407.642273 270.246155
001319 0.005330 309.220459 218.330841 424.013855 298.927948
001319 0.022324 144.100204 278.006653 202.178452 335.725525
001379 0.009407 340.631927 104.994125 363.465302 138.935425
001381 0.965274 100.717575 17.913559 484.126892 333.000000
001389 0.855061 216.221985 166.473724 461.750671 341.195770
001391 0.010985 389.432404 83.556389 439.555695 128.225891
001391 0.007026 386.621857 120.254189 449.811554 166.007324
001392 0.008795 459.219940 1.000000 492.838348 34.078747
001392 0.896765 42.904938 82.804749 479.546600 308.276306
001401 0.018363 350.672150 199.422424 430.822418 247.093628
001401 0.889003 108.157730 126.313995 425.834961 279.967621
001428 0.015509 194.741882 188.953613 383.655029 267.234314
001428 0.874705 161.938171 196.690704 399.934692 340.492584
001461 0.031451 274.372223 208.680542 362.644867 244.838531
001462 0.202096 211.104294 158.123550 291.417755 238.191544
001462 0.014232 241.971130 163.758057 331.119568 224.689117
001462 0.009386 175.672485 81.213882 326.088684 228.798660
001462 0.075603 149.681152 137.820953 279.556061 240.240875
001462 0.022731 218.707245 146.207336 352.589020 244.777374
001462 0.007585 255.579407 170.699341 394.842590 260.597168
001462 0.032975 54.478973 30.329826 445.137146 253.910522
001477 0.005270 23.587925 5.921616 66.728485 80.686684
001478 0.007818 44.020302 216.762772 90.646339 286.481598
001478 0.006753 77.932747 226.609451 116.972511 284.617065
001478 0.057742 62.347244 234.247421 109.566422 303.746338
001478 0.006561 41.766228 225.480240 133.991943 315.124664
001500 0.271561 358.871033 248.365784 499.960266 368.809753
001518 0.007852 352.666534 313.852753 395.031952 352.537079
001520 0.916732 26.635223 111.132843 456.874390 316.382660
001540 0.037356 3.586323 218.715744 37.006210 310.619781
001542 0.007754 372.495667 123.781723 427.742493 215.307297
001542 0.007552 82.643150 83.813377 269.838165 177.845581
001542 0.007566 228.231613 117.660004 432.522034 236.992035
001542 0.006315 337.748352 114.252548 450.043030 226.099442
001542 0.852601 28.480209 99.361687 456.328918 284.994965
001546 0.005861 355.785370 14.229729 481.460968 187.094238
001570 0.007119 46.233128 141.807373 126.076920 178.209167
001573 0.005246 183.774506 90.669189 239.428497 170.666931
001573 0.835190 179.443207 87.209244 319.483948 267.354919
001592 0.015193 317.438416 22.678511 417.854980 66.003632
001592 0.008963 208.288132 57.538567 289.734406 123.768623
001592 0.005281 3.846375 22.213520 196.965073 85.764755
001592 0.013799 93.497124 28.848343 251.241333 90.568336
001592 0.026222 203.928772 14.491001 373.126587 108.417770
001592 0.068577 191.119827 26.435875 309.684265 140.686890
001592 0.897238 235.331924 21.076035 492.748413 181.008591
001592 0.916347 1.000000 34.365952 249.929504 235.316971
001592 0.009126 192.455978 80.265488 488.511230 231.472183
001657 0.005285 343.995544 67.510567 397.812805 110.941628
001657 0.007605 334.256165 78.088020 399.758606 132.434357
001663 0.946876 35.613876 54.185898 482.295044 375.000000
001666 0.007488 231.871231 282.522980 285.990479 313.396820
001671 0.010292 110.918579 319.008942 150.934143 414.513580
001671 0.018176 135.875275 337.144989 218.160950 401.672455
001671 0.007768 240.556610 330.822418 333.000000 410.061554
001671 0.011161 108.526657 358.627441 154.977615 451.731567
001671 0.124103 127.507881 373.193329 225.492981 443.007721
001671 0.008480 79.539291 274.337830 170.503296 453.295776
001671 0.006287 118.953873 317.923340 238.585190 428.980530
001671 0.022967 167.035156 332.431519 322.907593 414.762939
001671 0.690781 119.452972 358.653137 295.303558 464.203064
001671 0.045743 220.630051 344.927063 324.755188 455.799438
001671 0.013275 26.743500 333.159668 320.837524 476.737915
001671 0.087304 13.746826 58.616241 327.977722 441.997467
001694 0.964963 112.429169 21.982651 463.295319 290.944519
001698 0.013794 17.043610 108.250984 442.703186 252.131195
001702 0.005191 262.437195 82.458328 327.399780 137.151077
001702 0.010779 254.477142 1.000000 491.026764 243.729050
001702 0.396436 251.023758 79.478363 500.000000 363.343048
001702 0.949104 3.504196 61.332657 368.068481 368.110840
001731 0.007554 8.387787 170.598145 373.449890 311.252502
001762 0.924208 141.951233 70.598213 372.180786 283.262299
001763 0.007914 385.786987 228.140060 418.837402 300.285645
001763 0.837442 289.170593 109.612488 500.000000 372.728058
001763 0.023712 1.000000 54.046585 500.000000 375.000000
001774 0.007767 484.255249 83.479408 500.000000 194.631042
001774 0.941321 27.766006 70.532082 484.826233 323.835693
001779 0.071588 200.940186 215.482193 285.121216 285.535950
001779 0.007942 10.065292 267.540283 44.918549 337.962341
001779 0.015235 22.456093 284.990875 66.559540 337.354340
001790 0.973366 72.873878 16.567200 319.797363 472.011444
001813 0.007117 255.504333 163.860306 397.903198 202.201889
001813 0.623009 189.422104 151.745148 453.802185 215.359009
001813 0.076942 117.766739 163.393204 456.221985 271.764038
001829 0.006520 224.680511 8.852180 367.824493 190.688843
001835 0.014809 273.062866 97.885651 363.351746 135.980591
001835 0.005454 271.100769 110.899239 370.129944 166.012115
001835 0.006096 246.524902 116.719948 395.512878 253.375336
001835 0.008175 367.351013 116.267639 500.000000 254.007874
001835 0.010688 371.367523 200.868195 500.000000 318.167145
001835 0.702481 49.295448 92.428757 299.363739 372.945984
001846 0.008511 248.807739 75.960228 298.789978 113.907433
001866 0.075298 474.395172 1.000000 500.000000 88.984398
001866 0.609375 72.281570 79.602547 373.745422 274.537231
001869 0.006517 147.184647 263.846466 222.226974 333.815948
001869 0.007396 134.194061 226.893951 279.555237 323.430817
001874 0.009237 122.689301 70.251221 238.944794 210.521149
001874 0.008492 189.372986 129.126678 345.913818 300.996185
001874 0.933447 4.588234 60.827713 244.539764 456.575928
001874 0.080927 162.027130 86.607803 363.819366 421.841187
001890 0.005110 313.429688 79.241928 355.086731 126.109116
001890 0.016182 332.946259 72.697830 409.169891 130.830841
001890 0.014482 356.108307 80.218094 439.196686 143.744522
001890 0.050732 338.731995 54.204494 466.603271 172.826736
001890 0.037384 385.187347 61.011093 497.127594 238.527969
001890 0.005786 323.403381 34.151169 487.149048 273.046448
001890 0.942192 49.522339 34.702255 456.313354 337.683899
001909 0.014472 261.739807 15.321045 473.498291 317.003021
001909 0.951930 53.589767 5.291962 454.270813 328.061340
001910 0.153690 132.924011 5.227524 434.316223 287.187500
001943 0.005548 1.171525 30.312889 32.293453 235.195801
001955 0.031466 1.000000 1.000000 136.459503 86.216721
001957 0.036976 431.662170 302.222107 500.000000 458.000000
001966 0.842395 6.311981 17.494034 124.403091 309.404541
001966 0.877018 333.814056 21.167786 494.488495 375.000000
001973 0.005397 116.506752 27.893562 279.842499 104.264626
001973 0.015533 165.157181 80.926735 295.644592 214.374268
001973 0.911102 84.258141 35.842293 310.634857 279.997772
002003 0.011843 1.000000 64.985596 272.700623 375.000000
002003 0.005183 11.823883 18.061985 413.100098 131.140457
002003 0.052205 93.794418 229.334930 476.112183 375.000000
002003 0.970044 13.445816 7.434784 484.793213 370.749512
002010 0.006799 184.065094 181.849747 400.541779 325.056274
002013 0.005091 309.703003 137.930008 335.538147 172.740616
002018 0.042954 393.914337 79.297134 475.543976 114.798569
002018 0.005451 77.333893 99.035484 180.889282 135.521271
002018 0.052079 381.192749 83.760269 447.920349 128.031998
002038 0.070882 104.069702 411.106567 236.071075 453.397583
002048 0.009627 108.359100 171.517883 187.200958 247.279144
002048 0.100522 98.404266 145.819275 255.419983 244.209381
002048 0.879131 97.992661 113.603416 401.274048 251.297729
002059 0.010865 301.453308 93.260559 424.654663 206.527313
002059 0.929728 43.212601 108.131012 433.676270 354.359558
002062 0.139143 449.307434 45.548325 496.333130 107.501831
002075 0.327253 93.865768 66.312042 402.015137 232.368988
002075 0.006428 3.094482 2.215164 426.955688 314.070984
002084 0.925142 3.800980 20.676422 330.841492 369.749298
002093 0.126779 1.000000 65.390915 18.772747 182.523666
002106 0.005535 1.000000 383.270538 375.000000 500.000000
002106 0.938496 12.763321 12.530319 335.209412 472.599182
002113 0.969668 36.854416 27.947266 356.825073 485.022980
002122 0.014064 276.343750 91.124466 299.027161 183.247147
002122 0.005326 240.545135 95.190475 300.000000 180.818161
002133 0.006210 183.822479 133.152664 327.541779 254.127121
002147 0.976096 60.843506 31.290771 495.740845 319.664032
002159 0.007781 407.020752 6.610001 500.000000 229.576859
002162 0.005129 123.579132 64.902893 438.828766 187.367310
002162 0.867959 77.223419 59.028847 443.709503 307.172119
002167 0.009577 377.510254 154.371826 419.214355 259.270050
002167 0.886898 69.820236 140.450623 182.786484 333.000000
002188 0.011881 17.073334 3.897736 234.548386 79.006035
002200 0.011188 15.470016 10.021530 404.817932 325.985168
002205 0.013548 247.833481 44.230240 496.130920 369.000000
002205 0.960759 33.705276 4.371368 484.172119 348.186005
002222 0.981489 1.000000 31.944366 319.108154 330.182098
002230 0.005297 367.026642 249.084122 434.185272 283.943604
002230 0.009112 305.645691 251.527588 337.831299 328.330994
002240 0.020164 317.481445 3.623096 370.470215 45.337570
002240 0.006924 38.186646 100.654938 91.231903 147.076981
002240 0.005392 158.218338 146.003540 203.624222 209.836853
002240 0.005334 140.909607 175.799484 171.634857 241.916336
002240 0.007062 130.237335 218.435852 174.196930 281.891296
002240 0.005953 11.053757 84.027771 139.198166 182.380402
002240 0.522118 26.718094 128.089218 332.809082 452.249512
002243 0.887519 45.033966 30.942993 467.093109 328.801544
002252 0.029271 232.277283 189.334473 280.393799 263.011871
002252 0.030914 246.037811 189.234589 323.394012 256.389496
002252 0.242941 226.334518 166.444519 341.196838 278.899200
002252 0.011706 43.731956 74.133423 297.656372 415.214417
002254 0.040579 1.000000 301.104462 51.068020 348.675385
002254 0.023892 1.000000 285.894714 86.526398 343.535583
002269 0.087390 70.394676 54.094841 212.301849 173.203217
002269 0.169149 1.000000 440.733643 191.609741 498.807922
002269 0.064945 7.243347 393.339966 319.304016 500.000000
002275 0.959099 13.413742 18.040131 461.032776 409.788879
002303 0.007096 71.372772 47.716919 212.174072 190.202423
002303 0.960495 16.638779 23.933502 497.806030 325.460663
002304 0.951489 27.522064 58.663971 478.427155 324.956787
002312 0.891494 22.479797 21.548813 484.327209 287.620483
002356 0.078342 195.316895 11.037127 255.222656 44.910347
002381 0.006690 263.433868 325.783478 320.895050 396.357513
002388 0.005428 1.000000 25.345627 253.410858 285.866699
002388 0.005361 130.100098 138.197479 305.242523 375.000000
002388 0.929224 134.272476 1.000000 500.000000 318.202637
002408 0.007071 244.278931 27.387730 329.346130 61.582119
002408 0.068260 37.720898 142.337463 160.057388 325.890320
002430 0.890939 82.618866 27.852524 342.810425 375.000000
002432 0.007747 231.575623 310.291260 472.000000 500.000000
002440 0.010457 262.904327 180.158905 364.126251 399.895782
002440 0.008141 247.028748 69.388687 373.614014 497.886902
002440 0.882223 50.335815 42.754654 320.400757 500.000000
002447 0.419479 73.361862 64.773758 500.000000 264.052490
002453 0.007005 151.395111 19.393063 275.684021 138.272400
002453 0.012486 170.869751 39.884418 326.050049 160.402069
002453 0.936570 3.634132 29.516037 246.014313 206.676651
002453 0.891256 244.068024 34.904518 493.358795 198.267303
002485 0.811170 296.437134 172.219437 495.671265 374.000000
002489 0.014000 366.379089 2.689337 442.131775 33.754265
002489 0.032202 430.485687 1.011801 480.244598 45.194122
002489 0.028520 457.006897 1.000000 485.989380 63.887486
002489 0.014521 468.341705 13.431877 496.002228 109.613556
002509 0.006205 1.000000 303.548920 327.000000 498.276398
002528 0.006728 457.492859 18.843025 495.733704 132.297394
002541 0.005268 70.174652 82.677574 486.788422 278.643799
002552 0.009900 168.929337 211.324860 221.406387 300.593292
002552 0.010351 156.237946 237.273163 213.346069 320.355011
002552 0.007035 65.559006 197.316757 154.176819 329.055725
002552 0.821642 96.306976 233.142944 179.129089 341.811462
002552 0.050095 129.546432 224.035431 235.152176 334.146027
002552 0.022119 1.000000 219.362823 302.128052 347.304352
002570 0.007004 156.986023 152.626221 313.234100 272.487640
002570 0.121093 184.505173 180.431122 335.893005 321.448212
002570 0.064010 111.798347 120.938141 351.478546 452.682831
002597 0.008708 86.336578 180.374542 269.942535 283.905121
002597 0.029270 228.798187 215.293762 418.918854 375.000000
002597 0.912721 93.697311 165.930496 409.054688 349.607605
002597 0.013405 42.425430 93.510330 458.157410 375.000000
002602 0.020678 458.423492 18.776663 496.643097 71.618759
002608 0.023493 220.615906 285.999725 259.877655 320.117401
002616 0.050758 136.904419 162.226837 292.849579 295.476135
002616 0.910060 7.788101 12.596344 390.508240 246.540985
002616 0.014816 92.307098 149.618561 394.800385 302.699829
002620 0.009619 103.202042 183.308716 241.322464 322.890320
002620 0.022346 82.358810 248.353165 254.074570 409.950317
002620 0.810955 48.977600 220.983093 295.117920 491.036377
002642 0.005304 123.342918 119.769928 180.719513 209.838531
002642 0.032463 202.612183 306.463226 262.004639 351.729523
002642 0.949470 57.437477 132.187119 215.883057 386.740662
002644 0.033212 161.970901 306.643799 208.243240 349.631836
002644 0.041805 172.704727 332.582825 268.000000 359.102905
002644 0.011110 53.530510 321.106201 217.799316 358.612000
002644 0.030572 129.580826 316.584869 251.965775 360.000000
002660 0.005118 76.413513 1.000000 132.666229 25.907604
002660 0.018026 95.212173 1.000000 162.354416 25.464657
002673 0.008424 271.177795 165.624603 319.307068 222.759796
002694 0.005481 50.737480 214.882568 131.088013 262.311340
002694 0.010577 10.263046 28.448692 108.798103 195.802185
002694 0.009317 317.479797 84.254066 431.372864 231.709686
002694 0.784932 293.913269 163.201141 454.429810 265.124237
002694 0.822816 11.426842 52.391663 263.412689 321.568237
002694 0.095342 12.530655 34.401321 485.614746 356.421875
002736 0.008363 21.103588 64.542450 121.358597 199.943451
002736 0.015362 11.653954 58.817429 209.390778 391.198425
002736 0.913660 1.786362 61.123581 375.000000 459.424927
002740 0.011730 175.672791 27.675690 410.079590 283.989624
002740 0.898800 42.828339 113.648903 287.307037 295.516510
002752 0.010082 305.405731 280.204590 363.695587 342.036194
002787 0.006167 289.493652 198.779465 370.928955 257.220459
002787 0.769953 101.009262 80.283424 255.000015 230.281738
002787 0.024720 181.894897 129.717407 401.491028 248.976440
002787 0.010663 120.848068 135.266037 252.701553 306.347351
002787 0.007398 78.227219 84.984177 270.216614 364.779541
002787 0.846804 156.454514 84.548569 423.019714 375.000000
002793 0.006691 1.000000 24.783829 489.565582 294.491699
002797 0.005594 256.334656 74.624565 305.828918 153.744293
002802 0.012015 104.882568 282.096924 375.000000 497.739197
002805 0.007757 274.629242 161.112274 439.633698 389.696136
002850 0.005801 201.186996 56.200718 235.863907 92.340469
002877 0.008008 128.247086 206.633759 249.644089 372.139435
002877 0.012283 1.000000 136.305542 322.753906 499.419312
002905 0.006490 124.901810 201.411606 244.817795 303.654572
002907 0.010156 223.294327 263.123322 256.270935 323.333954
002922 0.010440 16.521057 403.127899 351.484192 497.286041
002926 0.036206 100.510529 100.825684 148.603928 144.529678
002926 0.005952 167.712128 131.151260 255.608337 194.942490
002926 0.548821 232.026672 42.415203 353.046021 142.651016
002926 0.828209 104.645935 119.547897 277.085297 220.046249
002936 0.007198 322.859009 10.859413 496.452637 266.335114
002936 0.020302 162.542328 13.436966 481.347260 190.654617
002936 0.070394 5.706558 20.604309 350.500977 259.920197
002936 0.968410 84.955795 15.364777 483.939270 327.913971
002959 0.008194 245.910797 260.048706 281.671478 323.013062
002959 0.005413 307.945404 303.617645 375.000000 366.777069
002959 0.816171 109.831825 299.094971 299.283661 404.039001
002959 0.005187 13.265259 40.744720 368.080780 500.000000
002970 0.969341 16.839447 92.951309 458.167755 367.595520
002973 0.024935 92.082985 320.251923 241.559509 409.107574
002980 0.005791 301.462036 3.246122 482.000000 61.861877
002980 0.008542 37.008911 18.215683 482.000000 496.173767
002985 0.008768 334.844482 92.112686 373.670776 165.693924
003019 0.952944 32.316223 73.554260 476.153137 356.715790
003040 0.058776 145.718399 144.786591 382.174011 261.670471
003048 0.006449 271.332275 179.886810 312.465698 213.574493
003069 0.005905 323.515167 68.630920 392.317719 125.586700
003079 0.010568 103.053818 195.238281 165.883316 243.729370
003079 0.006096 131.268677 200.281982 211.848022 247.216003
003080 0.019118 452.129181 9.335171 496.974396 61.159122
003080 0.038526 164.304382 89.033524 352.173950 290.609863
003080 0.840760 21.547241 71.761009 383.503662 319.649628
003081 0.005057 172.349915 172.057785 321.511963 291.648224
003081 0.005987 15.720657 146.103302 341.990295 375.000000
003095 0.006446 131.381622 43.390694 252.625397 177.706879
003095 0.009771 127.249878 42.105850 326.793945 317.335571
003096 0.006029 152.726517 115.184982 195.422043 150.066299
003099 0.037572 359.830475 24.386763 401.372345 65.413872
003099 0.011181 438.037964 22.434565 468.475342 69.057030
003099 0.005894 461.241821 23.018442 491.299622 70.477966
003099 0.015951 429.534515 36.943264 474.589203 116.505112
003099 0.007917 152.500717 77.433594 194.470627 144.249130
003099 0.012247 420.041595 46.673130 483.688507 150.813782
003099 0.007660 437.820374 28.787308 500.000000 357.262085
003104 0.007634 23.403889 84.016922 81.992188 137.186401
003114 0.012569 147.793015 54.038754 217.346420 141.188736
003114 0.017049 133.600677 32.690819 238.391357 179.963104
003114 0.026104 159.702454 18.246262 357.028381 279.116272
003119 0.947073 1.000000 16.654327 489.110229 376.791504
003152 0.010849 6.914703 73.744385 207.827728 327.058044
003166 0.020995 1.000000 183.912659 125.402847 353.695251
003166 0.981045 13.215927 78.723663 484.528748 361.045044
003173 0.113441 3.228655 88.291176 39.501740 129.468033
003196 0.036979 41.875603 203.624893 105.756798 279.347321
003196 0.006912 65.339844 321.563354 134.204346 395.665283
003196 0.014814 54.674438 210.383453 271.729004 473.477081
003198 0.887635 116.165161 23.507557 475.720093 117.969818
003208 0.005620 19.452106 206.025375 83.726395 280.834900
003221 0.014047 203.352036 278.075195 298.694580 315.463623
003221 0.017527 259.990387 271.773193 326.842682 303.301147
003221 0.109574 286.737000 260.500549 359.638123 308.689697
003221 0.005362 289.103912 296.585022 361.884430 335.363770
003227 0.939605 63.304626 23.170212 492.658264 375.000000
003238 0.936916 50.949203 64.632263 450.862061 394.164062
003266 0.006141 63.957916 382.610870 192.715469 491.165985
003287 0.885664 14.046295 9.821854 334.446869 260.022339
003291 0.006603 125.253197 123.142532 168.695480 170.434067
003305 0.023483 315.795349 8.082952 368.985596 53.282860
003317 0.006700 308.830231 279.391327 351.391998 324.908783
003317 0.006282 291.113892 304.076355 350.001526 360.921875
003319 0.005126 131.104721 57.805950 206.168808 126.581955
003319 0.768486 77.919174 46.234756 260.699219 295.380249
003319 0.055383 65.404358 10.173340 500.000000 314.896759
003352 0.008198 18.195389 136.939209 174.503448 264.763245
003352 0.431293 12.359390 132.110458 185.168259 396.423645
003352 0.068813 13.991562 231.864700 254.314346 439.286438
003371 0.037258 311.812592 72.631699 498.590363 375.000000
003371 0.046645 1.000000 59.684952 299.468781 316.178894
003371 0.507122 56.357742 68.970535 499.310852 375.000000
003384 0.006383 263.968262 87.531906 383.450989 229.138229
003384 0.006488 188.867584 176.846420 334.703583 333.067078
003384 0.168218 200.210999 104.290634 391.052551 349.772644
003418 0.013403 97.381317 379.677490 174.183807 441.828735
003418 0.623589 2.541748 357.859650 156.889435 442.259308
003418 0.006748 70.617088 360.326660 203.612091 445.013245
003418 0.010244 1.000000 460.442383 232.867065 500.000000
003418 0.019122 1.000000 337.738586 329.222656 465.897827
003427 0.317572 222.772400 151.573135 497.105713 374.770325
003427 0.012338 52.955856 44.991028 500.000000 358.120239
003428 0.007090 7.476395 44.151020 36.048908 84.168945
003432 0.006191 268.848328 141.450317 302.743164 215.845306
003438 0.006062 237.682205 18.360685 278.948700 55.280518
003446 0.007271 244.292816 177.517914 313.194366 335.977936
003446 0.030503 274.567139 194.220825 377.736328 323.591248
003479 0.602577 3.957554 5.523354 110.576920 160.544403
003479 0.011869 1.000000 10.728951 269.071594 146.163269
003480 0.953801 24.132202 19.139526 480.559357 370.929138
003490 0.362925 239.017319 240.508820 359.459442 331.069244
003490 0.404586 58.296303 92.348686 230.451263 332.496460
003504 0.971169 24.461945 43.785950 474.610779 363.808716
003526 0.005381 109.559387 202.434402 141.416473 228.442429
003540 0.016153 88.248825 1.000000 263.125061 80.883675
003540 0.546601 16.644012 20.454063 269.774384 212.375488
003540 0.054448 1.000000 1.000000 298.245758 328.284302
003560 0.008627 98.944069 105.674095 257.338928 276.720367
003560 0.038443 112.525940 78.539749 304.759125 353.798889
003560 0.774534 82.553848 64.117676 485.600769 364.783600
003569 0.029372 131.592621 5.891430 251.776611 119.893387
003569 0.007867 99.119423 80.322174 207.477875 283.291443
003569 0.195780 108.111183 25.391968 273.099548 271.014954
003591 0.018758 45.668140 137.398468 146.608307 172.920441
003615 0.006451 346.113953 194.361237 396.821472 238.041931
003615 0.007263 120.578079 131.155151 305.226074 312.328094
003615 0.019993 11.634186 104.409698 284.934082 275.687836
003615 0.900274 54.864304 70.664452 386.048584 325.555359
003637 0.011578 1.000000 163.492950 287.021729 334.082703
003647 0.006750 138.409363 187.400665 279.971832 330.934113
003647 0.922829 70.099335 60.802078 257.214386 321.663025
003647 0.880061 231.260071 47.968414 419.844666 350.139191
003702 0.009888 113.841522 172.155670 179.551636 202.139069
003712 0.009952 114.500870 82.336426 454.749756 303.757965
003724 0.017378 451.364441 35.320282 494.676758 129.916763
003724 0.014421 1.000000 120.100502 91.996231 330.893372
003724 0.915106 87.010025 120.203270 347.855774 280.636505
003724 0.006239 1.000000 41.395584 420.688293 375.000000
003747 0.030109 108.004120 148.831543 156.771667 213.137390
003747 0.037473 130.000931 167.970505 185.426376 238.740005
003747 0.007908 79.173859 142.535507 204.619934 267.975647
003756 0.005720 1.000000 2.030258 420.000000 126.645508
003756 0.012557 38.422821 1.000000 396.298218 373.876526
003757 0.029383 467.512787 188.704498 500.000000 272.451904
003768 0.008464 257.637726 77.810013 304.164154 113.909348
003778 0.013786 31.120094 114.093750 237.910217 387.218964
003778 0.011190 63.626862 262.271332 500.000000 462.951996
003778 0.942943 45.113083 67.138260 453.524231 433.308350
003782 0.949985 17.781097 34.949402 476.847900 315.531158
003804 0.005017 174.244553 150.976532 327.151550 298.409180
003804 0.006068 165.691879 11.135544 399.268860 312.285095
003804 0.909356 34.607452 5.807693 460.533997 375.000000
003805 0.006566 180.764755 139.554932 405.164307 227.831696
003812 0.853030 174.125977 70.110626 397.332886 315.108551
003812 0.113774 104.706085 3.451416 469.936005 375.000000
003813 0.005170 144.400040 174.452393 201.674545 239.311523
003813 0.891975 29.470627 22.329788 304.874268 330.227844
003813 0.012205 263.185455 5.996826 478.766510 331.353821
003813 0.007045 104.079941 49.580505 468.760803 281.841339
003816 0.079367 9.497116 35.632065 135.139908 212.996353
003816 0.738720 278.384644 81.215645 432.339294 236.407166
003816 0.009264 9.099854 28.521637 281.604584 234.271118
003816 0.005008 200.072662 28.852661 464.307343 228.845337
003831 0.040860 5.921143 183.142044 40.693375 272.382324
003836 0.031884 440.347595 31.495934 497.115662 260.579620
003836 0.005015 404.596008 1.000000 495.023865 318.318359
003841 0.043481 1.000000 9.410309 382.302490 433.858337
003854 0.034752 75.047035 105.256599 247.074951 247.266602
003854 0.007713 50.642677 78.643188 274.676361 352.537445
003854 0.009673 63.140167 216.872360 282.497437 500.000000
003854 0.125955 140.310364 276.397705 333.000000 500.000000
003870 0.012029 150.797485 135.309280 284.524475 316.134888
003870 0.006968 186.385757 125.670464 470.334351 340.313019
003880 0.943485 203.779663 22.810181 459.410645 306.818634
003881 0.012867 180.207321 47.852131 255.680313 130.720551
003881 0.128623 171.819885 78.186607 247.960358 160.839417
003881 0.418980 162.863510 53.824562 263.867615 198.573883
003881 0.007950 131.406784 52.896385 283.896057 287.253510
003888 0.008122 160.986023 157.504990 243.589661 211.404373
003888 0.009895 122.992477 134.172913 460.635132 375.000000
003906 0.941679 145.533096 1.000000 408.181580 332.384888
003916 0.005197 40.452641 2.868629 131.764038 30.715214
003916 0.005447 31.306587 2.996307 149.928955 112.341263
003917 0.005279 231.379944 189.770401 315.773865 244.460434
003920 0.011617 75.072403 84.724586 488.543152 234.261993
003920 0.057296 7.988251 125.677940 486.714233 311.754852
003925 0.020622 171.727234 111.191498 200.683868 135.087692
003925 0.007883 106.028366 31.761799 213.358932 114.960815
003925 0.029269 39.796120 19.573826 276.073425 134.008179
003925 0.862232 1.786362 17.767830 276.936340 237.740204
003931 0.017300 308.555267 185.457520 500.000000 272.820709
003933 0.013102 184.082535 3.158340 452.958496 284.337952
003942 0.006442 153.546783 121.573708 272.890350 233.544678
003958 0.006382 34.357925 1.000000 457.788818 375.000000
003975 0.166328 3.221359 65.101852 206.446243 332.000000
004004 0.017049 89.403320 355.566040 138.320724 401.220581
004004 0.037767 183.721436 415.237305 352.366760 490.216309
004029 0.005900 13.115704 42.456375 41.571709 105.868912
004029 0.051886 61.216934 41.843842 133.427521 96.729355
004029 0.017165 104.254463 47.401081 146.805710 83.494827
004029 0.399435 10.759499 47.557827 82.717659 134.498398
004029 0.010844 378.555725 77.471146 442.503723 115.220657
004029 0.453921 443.532410 41.777462 489.728394 128.476212
004029 0.018824 101.944344 118.520126 160.662460 169.594833
004029 0.009125 32.091919 32.546043 160.590042 110.424049
004044 0.911712 77.627167 98.879913 403.699493 364.049072
004048 0.970992 8.931595 1.186829 347.438660 373.746063
004061 0.055542 85.775879 124.302841 223.490479 212.539017
004061 0.317311 68.239906 110.013580 300.934753 228.823547
004063 0.005675 148.848770 189.545944 208.661118 293.222595
004063 0.025437 180.410294 210.395569 308.969971 372.951721
004081 0.008121 168.805603 85.804787 380.654053 204.859924
004086 0.127630 45.132179 19.738758 281.785034 146.336792
004096 0.006679 342.074249 115.171524 388.004242 161.915543
004101 0.015071 113.857887 165.524261 256.781708 325.725800
004101 0.093448 210.398926 210.186981 371.094543 458.734100
004101 0.006988 1.000000 265.334290 375.000000 473.843933
004114 0.006454 106.707306 138.125854 324.399689 248.515747
004114 0.944658 18.612106 130.208954 396.345886 322.067780
004116 0.006937 103.423843 114.667908 145.743042 171.209106
004116 0.879851 157.421997 67.779640 338.995331 285.992737
004127 0.007018 46.522774 116.150856 77.033272 148.916107
004132 0.011760 29.203606 103.666145 182.556122 303.661407
004161 0.950994 52.478409 15.499161 375.000000 484.507568
004165 0.011490 115.815361 125.884369 167.317154 216.462067
004165 0.007191 115.711395 57.371140 226.691895 255.573654
004165 0.958765 113.466232 8.914246 402.832275 330.575562
004188 0.076516 456.333069 27.132065 500.000000 351.156311
004188 0.939673 207.974258 10.634476 500.000000 375.000000
004197 0.006034 325.895294 160.849136 393.487213 241.800583
004202 0.005095 4.330925 81.230743 43.168491 133.670822
004226 0.005668 223.862274 76.781166 340.107147 306.006653
004226 0.663732 156.595200 57.069504 350.402466 363.974670
004227 0.034910 194.182617 274.277405 242.120789 317.414001
004252 0.816033 148.270706 236.505844 330.939636 375.000000
004252 0.006219 125.676941 234.056534 500.000000 375.000000
004277 0.008454 245.715195 334.694305 304.150665 460.534760
004277 0.172632 202.068176 308.976471 309.486908 472.988251
004277 0.008259 1.786530 51.401390 329.431061 154.411285
004297 0.008893 112.999458 192.129181 302.831909 375.000000
004308 0.025594 72.712517 145.335907 208.130798 351.819611
004308 0.853763 47.630287 131.562256 286.272736 400.000000
004316 0.009225 160.030731 194.840805 199.660278 264.003113
004316 0.018957 189.707733 180.633942 246.715424 273.968811
004316 0.036979 218.307800 170.196396 273.290894 278.901276
004316 0.017370 93.195808 103.282043 262.637878 216.939514
004316 0.437368 156.259232 132.854019 276.210571 305.643372
004316 0.041387 189.557495 165.133224 294.178650 354.136597
004316 0.102974 57.639000 116.691460 292.562012 270.804901
004334 0.006914 68.050674 84.130386 313.110535 485.305481
004353 0.939231 28.186615 28.449692 487.594635 325.931213
004401 0.035039 168.669495 63.063881 276.923889 191.201385
004407 0.005231 36.356430 62.604507 286.316162 489.185852
004427 0.011069 239.703125 133.053741 277.096924 234.372955
004427 0.008783 145.975449 35.286560 272.184967 188.502441
004427 0.005210 200.068253 72.912323 295.282166 243.482697
004427 0.006734 193.061325 136.070587 309.816101 307.897522
004427 0.943723 91.230453 36.677719 271.445984 350.804199
004427 0.015096 133.967346 78.212662 358.401184 371.452881
004440 0.006315 6.896851 219.110458 118.316528 370.242493
004444 0.956263 64.564728 25.801865 436.013763 330.158203
004465 0.020318 218.101593 226.231110 367.634552 351.434052
004467 0.014048 92.777451 173.466309 172.206802 241.915771
004467 0.024866 88.561264 158.613251 200.731979 267.405029
004467 0.209599 87.483871 184.346436 237.266983 308.459290
004467 0.870243 183.525116 41.774734 399.555939 332.000000
004489 0.012160 137.934830 137.776260 206.970047 202.081558
004489 0.034661 81.385284 110.458603 197.098785 206.827469
004489 0.017348 128.049835 80.944588 295.993835 240.447021
004489 0.848091 95.680222 6.345703 321.356934 273.163605
004489 0.016710 78.560684 91.043442 429.783691 322.148193
004491 0.015578 246.204376 186.216278 324.348724 256.341919
004492 0.121009 29.027420 44.848160 382.677673 374.980774
004504 0.902933 1.000000 64.746780 209.862946 324.622864
004506 0.009347 8.056198 251.393997 215.786285 471.410889
004511 0.841039 9.688446 11.220062 269.381714 227.704590
004515 0.009502 87.412170 181.362488 275.170105 322.578430
004515 0.856689 21.833252 134.992645 360.561401 356.661346
004516 0.029969 409.375641 1.000000 483.687164 41.984810
004516 0.006679 443.226166 1.000000 491.443146 47.632294
004567 0.006716 229.127747 94.186111 292.132263 142.306122
004577 0.042745 1.000000 74.990616 112.833206 228.098312
004577 0.759890 75.299187 78.924255 266.839844 214.805237
004577 0.008507 272.906677 103.477219 444.925354 270.741394
004577 0.009412 256.363922 270.683380 486.871124 360.476105
004577 0.844589 83.946426 81.750626 422.007629 275.067322
004577 0.020274 55.995468 16.013733 500.000000 355.748535
004582 0.006161 212.343033 2.563690 480.000000 132.486755
004614 0.009851 18.703087 4.480854 153.254059 81.162033
004615 0.016670 255.872864 11.186890 338.337280 84.692947
004615 0.030762 227.662018 2.377132 369.241241 99.444611
004635 0.134288 157.330444 195.898819 218.932678 247.842026
004642 0.096144 58.012527 79.536850 455.300964 344.958862
004658 0.052727 136.924896 153.789902 184.897614 215.055771
004658 0.584421 129.396927 159.869675 199.645615 262.088013
004658 0.007505 152.691452 174.888397 195.350876 306.841949
004658 0.019761 127.305595 142.209457 195.732452 421.305786
004678 0.392896 1.000000 50.715866 453.378662 324.636536
004700 0.652492 113.382843 238.659149 264.803894 364.204926
004700 0.038560 11.018265 21.457016 368.761414 399.560242
004704 0.128220 70.702850 36.557198 174.078644 101.709846
004704 0.007650 41.576973 50.344658 108.146614 117.129936
004704 0.319930 87.345421 22.295559 276.688232 109.833359
004704 0.007098 9.454285 34.719170 147.510010 148.152649
004704 0.044991 1.415916 67.531052 155.024384 208.142929
004720 0.019987 231.869324 139.193069 298.827820 221.155136
004720 0.254235 179.520935 137.967346 327.592651 221.379669
004720 0.008437 106.985611 119.178062 400.512451 250.484039
004720 0.005374 64.867401 6.521317 500.000000 367.235779
004736 0.094479 132.535187 38.930561 250.960297 166.622910
004736 0.900276 99.641861 56.929794 286.348938 465.180664
004736 0.019106 209.328918 82.225494 315.000000 480.961761
004759 0.899240 27.249710 1.000000 489.636780 362.979370
004769 0.009249 348.287231 95.533936 388.891113 142.900101
004778 0.005888 125.674118 53.455017 469.650513 203.630112
004809 0.950556 39.347015 1.000000 343.286469 350.226257
004838 0.005588 187.957489 160.083557 246.532532 257.090057
004844 0.006047 27.729691 7.453651 175.973969 110.670990
004844 0.011418 105.085754 6.117233 257.557709 107.874870
004845 0.948811 7.188354 4.237015 335.064240 333.000000
004851 0.012021 3.956598 78.420006 64.297974 306.814911
004851 0.094420 1.160519 145.027527 89.908890 375.000000
004851 0.007732 2.997856 135.717255 182.158417 375.000000
004851 0.929178 78.933960 33.531860 500.000000 361.454498
004858 0.022458 421.758850 175.667618 491.231628 268.937805
004862 0.005868 3.728149 18.862595 358.083282 187.381912
004875 0.045603 454.382263 26.569424 481.113586 44.313999
004888 0.910233 89.789719 176.743256 210.503464 395.743500
004888 0.936044 203.122772 178.080826 350.504242 408.561829
004908 0.005578 87.590149 152.292709 216.699615 346.387573
004909 0.012799 4.225945 385.703796 142.921295 500.000000
004909 0.005400 167.204819 280.019257 365.186829 500.000000
004918 0.005706 11.324036 10.553162 496.294128 282.535828
004921 0.020017 129.752899 9.535461 369.000000 260.902588
004934 0.010104 409.205841 14.302181 489.323029 96.206573
004934 0.023512 400.475708 27.646309 496.562378 158.052551
004934 0.925826 228.037537 13.499237 500.000000 333.000000
004934 0.524544 382.750732 9.607727 492.702515 330.881653
004975 0.015113 55.075333 373.302582 375.000000 500.000000
004975 0.926564 17.637207 133.331207 361.628937 458.703888
005010 0.158406 32.572403 136.564941 348.525085 311.094696
005038 0.007155 116.021408 164.935745 250.805801 281.841370
005038 0.931978 128.076706 143.996216 397.900024 293.537079
005050 0.052190 193.965057 26.596146 455.779205 305.990112
005053 0.173111 159.229401 115.512115 221.103180 219.117310
005053 0.022858 254.088669 117.461342 336.968811 220.155884
005059 0.026409 1.144020 116.442955 38.830246 207.592163
005082 0.620388 165.359833 189.588760 213.646973 268.777832
005082 0.211318 149.316498 177.381119 245.186707 263.564789
005089 0.863438 24.357651 75.950279 266.639648 239.623840
005109 0.969731 11.782898 4.718994 470.101379 341.068909
005118 0.011941 127.246780 240.839584 216.119919 303.960907
005118 0.010957 2.418018 124.620010 107.581451 235.732925
005118 0.021801 76.457466 155.829498 262.136047 285.032867
005118 0.558822 1.000000 120.903465 280.639587 320.256165
005118 0.105460 1.000000 82.168304 443.657288 368.563293
005120 0.008775 1.000000 430.705933 196.177704 497.499451
005141 0.032591 429.179047 210.836227 481.767975 244.586777
005141 0.025001 453.166229 203.389359 487.018890 250.917770
005149 0.038207 200.914124 4.368629 360.825317 134.280273
005149 0.020295 216.498993 12.754562 500.000000 151.641846
005149 0.610498 151.529480 123.457062 500.000000 324.255188
005155 0.006896 10.331345 91.207825 178.388870 222.548981
005155 0.898899 11.840698 10.369446 433.733246 375.000000
005165 0.849073 61.068497 56.220734 461.335022 314.400604
005174 0.015465 146.086700 196.731064 269.518677 313.750122
005196 0.006361 104.835197 168.925491 169.374451 236.621445
005196 0.018330 52.755665 195.161316 137.757645 269.245453
005196 0.012058 86.841888 186.013901 182.177734 265.777893
005196 0.007853 127.277115 194.979950 214.893112 266.608032
005196 0.007132 40.061516 212.947144 158.916687 293.390778
005196 0.006228 1.000000 106.339073 51.176788 336.109131
005196 0.017153 105.185722 163.856186 241.990479 299.731201
005196 0.699010 16.432388 181.282898 182.648956 322.759430
005196 0.422447 6.207367 151.591156 266.227570 361.206238
005200 0.888355 107.109482 15.166710 455.142700 158.614624
005200 0.005758 92.138336 117.985703 476.234711 329.285278
005200 0.005836 16.693817 138.269440 323.216370 357.000000
005201 0.946894 28.406021 57.511520 472.213562 331.373779
005221 0.012456 9.552492 47.235191 53.538002 186.610474
005221 0.039642 1.254303 45.174370 88.951645 260.173798
005221 0.005046 1.668615 107.669807 61.389442 344.762512
005225 0.005955 312.934784 77.778229 413.511566 168.550964
005228 0.005043 19.719345 84.066170 187.104294 192.603088
005228 0.056083 282.932831 89.061569 485.017059 208.130661
005228 0.272817 36.267471 79.413788 385.457153 198.312805
005250 0.006030 306.309784 117.054878 347.153351 185.507294
005250 0.006656 304.455017 144.598846 352.924805 223.050568
005250 0.006406 333.470551 148.058456 400.353729 223.004715
005250 0.007076 369.941559 142.341858 445.602386 213.923492
005255 0.112306 193.654373 234.928101 252.772202 284.457581
005279 0.018792 33.333603 20.390839 304.409180 279.877777
005300 0.871321 219.656265 39.774437 338.017944 255.179779
005309 0.967694 12.976532 21.741608 470.112396 331.620758
005317 0.941793 43.341812 33.024948 484.177246 344.198730
005356 0.863172 23.594246 171.732651 265.045807 374.906677
005386 0.016866 396.580872 1.000000 491.422852 375.000000
005403 0.010922 146.319214 117.170639 327.707428 201.890274
005411 0.014262 187.226349 126.919701 246.991608 217.823944
005411 0.025408 168.437744 144.816833 278.787079 291.674652
005411 0.006353 200.212006 139.491898 333.418121 302.643921
005444 0.126961 1.850830 154.145340 181.454498 311.046448
005444 0.347030 32.109772 130.252502 392.341888 371.495300
005446 0.006950 86.162323 6.701958 236.981415 235.183167
005446 0.026688 274.479218 271.395935 333.000000 453.498169
005452 0.025888 164.348297 117.748352 346.373962 223.627899
005460 0.006568 254.422546 20.317612 490.628296 326.055298
005460 0.956748 14.135590 92.610870 487.660614 377.431763
005462 0.955704 7.682022 27.359131 314.339294 456.625183
005474 0.947959 90.856842 72.480148 349.556885 281.768066
005482 0.353762 26.793640 38.838272 242.274384 183.294556
005512 0.113618 213.560974 6.839413 466.404114 131.367020
005532 0.014063 443.439972 293.951355 500.000000 369.471375
005538 0.017865 109.539734 178.097687 292.391602 260.951202
005538 0.842852 44.036095 278.337921 166.919495 402.315765
005543 0.215295 188.681137 127.581024 311.960846 321.484436
005556 0.006334 389.654938 256.715271 482.855438 302.125793
005562 0.923499 32.984741 1.000000 467.767395 375.000000
005569 0.066989 1.000000 217.855042 413.000000 496.439758
005580 0.006970 29.868073 131.025146 258.803070 375.000000
005580 0.891747 34.934326 20.164581 402.113434 352.568542
005581 0.005324 47.423145 109.649612 82.698578 172.826309
005581 0.018333 140.852753 155.555344 224.607269 220.815445
005581 0.627284 185.418701 161.029053 232.501434 219.857361
005581 0.018536 51.302551 178.168533 99.278732 227.149277
005581 0.586135 93.269119 175.614929 139.738495 223.866669
005581 0.006427 192.459366 181.475372 232.501266 298.962891
005581 0.009212 182.911316 154.882416 241.870697 347.003784
005607 0.005496 178.437744 125.785233 260.583313 168.611526
005607 0.007475 200.724304 123.276344 310.218292 177.213669
005607 0.006117 241.991974 154.224106 321.006989 224.880661
005607 0.180658 225.857620 184.338501 301.358429 260.339722
005607 0.006417 296.076294 198.179810 359.016968 261.816681
005607 0.013443 301.815979 223.695953 357.110046 296.225250
005607 0.007799 233.343109 305.813782 293.142120 375.000000
005607 0.011598 253.934509 304.153961 332.229248 373.741669
005607 0.805763 189.602417 110.651627 338.691711 269.990601
005607 0.011135 302.520599 199.492615 417.029388 323.540100
005621 0.822529 121.420425 118.640793 433.269958 299.705078
005646 0.227873 373.031372 185.442307 500.000000 239.004684
005646 0.031951 461.826874 191.692352 499.922943 246.523132
005646 0.849506 1.000000 164.129745 128.727020 242.723068
005646 0.840530 190.382904 164.163879 324.028168 240.372925
005646 0.026836 6.640312 218.160995 123.555458 372.094604
005666 0.068583 84.534966 5.001315 163.935455 22.997349
005671 0.006368 5.291705 43.218605 28.280315 184.582855
005688 0.009443 266.263519 61.500748 456.826935 332.248962
005688 0.121897 141.250992 58.581207 433.900757 219.681305
005688 0.957053 59.244141 58.076279 436.570282 334.000000
005712 0.019437 1.000000 28.551991 204.774368 101.263000
005712 0.013561 1.990589 15.441734 125.873932 152.064178
005744 0.007614 193.806274 190.632370 287.795532 500.000000
005767 0.008794 95.376129 207.020325 176.496826 259.305145
005770 0.012615 315.861725 230.183685 487.639679 326.962494
005778 0.008547 456.247192 16.249416 491.719666 54.244053
005801 0.005163 413.996033 39.255066 466.310608 98.634018
005801 0.005046 329.053650 81.130951 405.413574 138.632034
005820 0.006436 233.601990 129.063828 274.888367 191.041916
005820 0.007033 259.750031 124.759407 306.901886 184.843643
005820 0.007598 28.633568 219.198349 227.026642 301.383606
005820 0.005479 34.296585 225.096313 475.400391 310.000000
005820 0.949718 46.068771 20.097504 500.000000 303.229736
005832 0.005226 179.360001 201.167297 244.301346 260.397736
005832 0.891233 180.767044 143.017258 348.010376 262.808624
005832 0.008597 162.696625 245.105713 344.550598 364.634460
005832 0.848544 7.550461 140.963791 255.402145 265.933533
005832 0.019897 42.836288 233.848679 455.660400 366.939697
005857 0.175611 107.058510 244.184982 268.102997 423.749207
005871 0.006706 309.341492 5.368034 370.692383 64.910187
005872 0.827753 52.781586 71.431931 420.464722 319.914795
005882 0.017049 127.127182 219.141724 189.507004 295.102173
005882 0.007108 207.211182 254.045288 256.893768 329.872559
005882 0.014586 138.174347 184.266266 246.254425 384.309784
005891 0.066045 224.108948 60.654579 348.634827 223.255402
005891 0.108501 1.000000 31.775421 442.140381 344.455475
005926 0.012970 39.646133 69.241714 333.000000 500.000000
005935 0.046627 400.974731 236.793152 429.075012 270.441498
005936 0.945370 61.382706 87.027023 438.950562 258.693481
005939 0.855320 182.579498 153.754669 319.707306 246.317841
005939 0.008843 131.449615 115.534142 438.725067 321.594910
005943 0.044640 370.333557 152.309341 500.000000 253.817245
005949 0.010355 267.076630 153.119171 319.389313 196.813690
005949 0.946968 30.462051 17.722763 475.254150 332.702271
005957 0.915302 72.353149 28.081406 443.495239 372.650024
005962 0.906081 1.000000 66.959991 306.236633 334.000000
005966 0.021454 3.094696 101.423019 175.015518 201.013931
005977 0.040856 1.000000 81.880379 212.692627 213.148895
005977 0.005480 1.000000 111.944328 107.796982 267.135620
005977 0.014860 1.000000 85.835831 207.020248 358.408020
005977 0.017672 375.213470 65.943817 493.629120 375.000000
005977 0.009125 175.881195 45.866020 480.109283 257.924042
005977 0.986315 11.523026 77.555725 474.437561 360.853577
006037 0.005729 479.865479 26.378235 500.000000 186.086273
006037 0.034258 54.159302 9.785736 318.634247 187.855362
006052 0.953630 159.047806 30.282394 479.181641 370.864746
006063 0.904359 39.284821 89.630287 317.491699 316.978088
006064 0.951248 30.126923 4.640091 493.328461 356.944275
006076 0.005254 127.768150 214.414291 170.217209 300.457214
006076 0.015294 173.270996 205.837555 215.298126 308.288544
006076 0.009869 128.078949 252.872406 173.374329 331.570709
006076 0.010425 166.481003 244.226013 208.557968 324.893372
006076 0.012566 20.778221 144.372894 228.438477 489.234406
006080 0.934282 7.150070 7.659622 495.426941 500.000000
006090 0.005671 133.174576 202.056061 233.328323 368.860870
006090 0.134066 1.000000 294.768066 160.862122 440.469543
006090 0.010050 87.166641 299.003754 200.348953 440.445038
006090 0.005086 4.242775 182.100311 203.675537 474.904083
006090 0.897657 18.720169 87.130127 375.000000 497.261963
006114 0.923679 173.776917 230.136215 375.000000 500.000000
006115 0.023581 264.754913 286.978119 382.371185 327.368134
006115 0.487398 144.106491 276.502808 432.768616 343.754028
006144 0.008346 246.517120 266.106476 409.395233 391.183685
006144 0.070268 250.447815 319.363037 406.060547 484.447083
006144 0.879684 78.475075 125.287216 264.581055 500.000000
006144 0.034400 233.227264 183.475266 420.000000 471.411743
006144 0.005644 135.073471 300.289886 420.000000 500.000000
006144 0.006346 172.697159 152.806015 420.000000 500.000000
006157 0.005984 3.733688 1.942617 152.208389 64.248955
006211 0.011050 92.224091 240.988556 150.220078 284.615143
006211 0.773546 145.148407 241.545914 205.869171 284.671082
006211 0.028519 74.016693 252.725922 152.290649 303.763458
006211 0.021416 129.116150 248.095947 189.233337 296.277527
006211 0.024398 125.822975 226.749817 240.425079 288.822876
006211 0.139578 43.721474 234.500824 185.294098 325.055084
006227 0.009828 85.909599 71.678886 223.693634 130.553925
006253 0.039639 419.800873 38.122902 486.043976 94.813240
006253 0.009887 139.332520 55.143162 180.824005 127.937851
006253 0.014023 7.122934 77.876060 28.304941 267.125549
006253 0.005417 446.150513 39.992699 500.000000 293.891510
006253 0.829477 310.034760 119.131790 478.240082 284.915039
006255 0.052790 106.818512 220.323853 486.302460 375.000000
006255 0.020049 94.444000 32.109665 499.904083 375.000000
006265 0.886769 189.172272 103.779587 392.507111 275.239868
006280 0.012485 326.513306 68.481789 481.085815 207.946381
006280 0.819466 290.838623 101.100342 442.845825 241.513733
006280 0.374891 398.710144 98.045837 499.141663 223.754364
006280 0.015109 295.641357 14.380974 499.262207 251.876465
006283 0.006887 256.531097 321.628021 332.157196 350.290863
006303 0.833283 145.737869 142.671814 296.101379 321.973450
006303 0.005653 233.578522 131.525787 313.118683 317.967346
006303 0.012892 106.943909 160.478333 386.579529 344.661743
006307 0.012832 320.746002 74.969475 410.412750 120.883202
006308 0.624483 243.059372 369.728027 354.873077 488.490906
006308 0.101879 76.788773 376.957520 363.063416 494.817566
006311 0.019635 2.950747 46.108013 40.265274 141.727264
006311 0.010495 2.063487 64.922493 30.192738 179.254364
006311 0.016334 1.000000 35.488892 54.278664 210.965225
006336 0.012576 1.000000 389.015442 375.000000 492.767212
006336 0.930071 3.675461 22.627777 362.833130 410.964050
006373 0.008805 175.907806 474.898743 278.797363 500.000000
006384 0.006666 242.514709 1.000000 315.715149 33.003372
006384 0.010665 96.562645 192.966614 244.500031 378.849243
006384 0.025696 70.689194 313.241394 349.215454 412.571533
006394 0.008557 24.037468 14.170456 156.879395 176.634552
006394 0.964512 40.292267 33.423172 317.870544 465.642212
006405 0.019527 67.034645 5.716922 161.896942 36.219875
006405 0.005698 82.342583 17.926701 145.677246 69.738480
006405 0.005895 75.682091 3.295780 220.277191 94.278244
006413 0.011365 88.620483 114.996773 131.238983 163.381256
006413 0.007362 125.598595 472.505493 241.870880 499.050293
006413 0.027053 172.368225 462.850647 274.386322 498.136292
006413 0.014228 80.483559 446.805969 282.000000 500.000000
006435 0.005702 202.889252 149.068665 244.320129 193.474945
006439 0.977378 86.241058 33.019974 362.490875 450.025330
006451 0.007750 1.000000 79.383270 23.925489 216.233246
006451 0.024865 1.000000 72.145317 128.650269 242.662018
006451 0.936951 1.000000 64.629738 301.174500 260.683289
006471 0.005964 189.961899 221.355927 218.082321 253.375336
006471 0.026496 153.723465 244.232666 197.607132 289.212524
006487 0.007263 338.007111 157.687897 391.870941 195.663147
006487 0.009019 322.533966 171.128311 407.999054 223.366928
006487 0.005281 202.200226 155.287628 378.286285 267.696686
006487 0.006842 113.724640 98.022827 394.273132 313.887878
006494 0.958737 7.285095 98.390228 285.561584 500.000000
006498 0.877534 1.000000 30.209152 283.772034 500.000000
006504 0.006354 195.872040 69.783409 238.189270 120.448982
006504 0.005019 248.485458 58.608261 278.643646 132.200409
006504 0.017077 70.428177 374.185669 146.473877 441.229309
006504 0.146039 166.070709 65.826698 284.018372 288.728241
006545 0.902402 46.867981 13.270981 391.522156 254.628738
006558 0.765332 13.836090 43.413544 334.702637 342.098602
006566 0.019925 16.682503 70.789261 201.947205 227.823563
006571 0.414097 51.295967 102.391541 228.399963 217.279633
006571 0.170365 10.836090 90.059853 276.252563 261.894928
006579 0.114931 176.720764 285.997437 225.105957 349.517334
006579 0.020956 110.954285 280.931641 227.768555 349.970215
006579 0.009850 164.851212 284.896576 280.501190 351.955475
006596 0.006686 289.026764 166.014206 437.107025 202.520248
006596 0.007391 348.206512 174.300156 463.137665 214.095200
006596 0.665889 217.459671 118.082672 433.310303 205.583984
006596 0.029459 23.108582 94.881653 476.189514 218.439911
006596 0.009858 7.659042 136.357941 273.800659 323.328003
006596 0.006637 137.667450 213.181091 499.064545 373.153625
006596 0.955076 1.000000 95.931686 500.000000 370.021240
006598 0.011105 73.124527 249.409561 213.501602 357.386932
006607 0.011670 246.053696 128.659515 421.888855 244.389404
006607 0.068865 222.361450 117.166779 442.945618 342.971924
006607 0.064018 16.379074 38.898117 486.785645 361.133728
006613 0.039054 54.081764 29.114914 136.889771 159.397705
006641 0.010954 110.278557 1.000000 314.356445 85.410965
006641 0.918908 5.557358 1.000000 398.003418 375.000000
006650 0.023049 442.750427 163.667694 498.126404 334.000000
006675 0.005190 336.065186 103.944832 474.710205 213.322662
006675 0.881548 26.350327 125.114975 466.176025 252.427048
006688 0.010583 64.461449 79.284935 212.227203 209.179749
006688 0.946045 77.621506 61.193893 484.261841 292.791626
006728 0.015193 177.296982 65.374527 476.414368 371.767456
006732 0.009853 93.525223 87.942322 469.920593 353.157867
006764 0.011512 429.730743 171.094391 481.160370 230.917877
006764 0.008581 456.630432 164.443436 489.130188 232.208389
006774 0.876257 50.668335 118.138779 438.997192 306.208313
006795 0.011126 70.618546 71.616920 439.351379 211.944702
006801 0.882322 56.789871 112.833389 500.000000 328.649231
006816 0.021573 110.959045 254.864197 175.407257 314.899353
006816 0.005871 117.890129 292.274048 185.972565 345.836243
006816 0.007564 150.885712 297.386292 232.294464 343.581482
006816 0.032115 107.983337 227.876953 245.535889 345.009216
006818 0.010220 1.000000 75.200584 27.823494 125.189415
006818 0.009313 113.835220 178.721008 164.291336 244.883545
006818 0.005464 216.905823 166.624161 281.801666 245.467087
006818 0.008662 95.776123 117.122238 245.915466 231.745193
006818 0.834912 213.924210 141.483047 493.237915 289.321594
006820 0.005059 1.583618 27.310982 118.978264 209.265259
006820 0.005131 58.947090 33.429832 213.875793 185.592072
006820 0.013855 391.925415 68.178093 500.000000 311.211212
006820 0.014309 308.696472 1.000000 495.657654 319.915161
006820 0.955375 83.127960 14.048676 493.680878 369.120392
006870 0.960389 20.717621 12.294922 453.703217 308.092926
006871 0.139759 4.385811 21.890533 256.820190 325.103027
006871 0.940833 175.213196 65.851349 499.488953 333.000000
006877 0.020515 103.844109 29.245853 299.580963 142.912064
006890 0.140782 1.000000 203.477219 482.484924 447.000000
006894 0.005723 393.855225 185.989227 500.000000 348.824921
006894 0.974385 224.930466 37.263092 496.502441 346.773285
006902 0.079670 131.557556 92.960655 313.632172 272.068176
006960 0.905280 180.216629 56.754974 415.872803 327.898651
006960 0.691222 23.485916 164.105469 319.007568 355.039246
006960 0.053307 1.000000 96.351593 433.335510 374.000000
006970 0.011737 98.944824 12.944059 213.441864 39.630699
006979 0.958098 78.457001 32.202606 415.417633 496.973907
006985 0.007602 185.775009 148.781296 260.600708 207.305038
006985 0.218199 240.315689 166.951508 327.633698 217.610046
006985 0.009961 142.875702 259.089325 209.627594 295.549347
006985 0.036346 187.376526 264.570953 241.300354 309.260101
006985 0.013821 215.579742 257.026459 283.956329 313.355133
006985 0.010325 258.513641 256.698059 316.717804 312.206909
006985 0.415232 202.119507 147.686005 316.974976 245.983459
006985 0.028549 193.690430 165.701721 329.773621 306.272919
006999 0.009908 1.000000 49.640549 370.281067 184.866409
006999 0.947965 15.431870 44.270721 382.029114 365.032745
007012 0.010079 332.914154 40.324944 378.780853 84.495659
007012 0.019915 332.897491 49.069958 380.265656 118.467834
007017 0.031414 124.559250 169.838455 170.944778 228.169083
007017 0.276110 113.427910 181.810211 182.589752 268.827911
007017 0.060162 132.014709 208.801636 202.422791 309.599121
007017 0.005227 16.225288 151.553879 184.378082 364.094177
007017 0.255090 101.697891 178.286346 194.512192 337.051666
007027 0.923883 10.326096 32.369209 473.185669 236.951874
007028 0.008909 39.895859 174.489746 389.610596 360.980042
007032 0.008258 7.178778 198.082596 42.008492 265.705658
007032 0.035530 4.827312 199.819366 107.503815 265.749908
007032 0.033620 306.170166 266.912842 416.515259 349.170105
007032 0.009320 77.844551 58.574730 276.658295 161.907440
007032 0.007898 5.437752 127.187088 132.893707 267.962708
007032 0.005212 293.435730 219.907944 423.997314 326.602844
007032 0.107404 301.924469 246.161255 500.000000 356.007019
007041 0.005192 204.690262 304.779907 247.509567 348.693115
007041 0.005637 1.000000 371.898590 368.717163 500.000000
007041 0.901903 5.377548 96.428085 375.000000 493.949646
007043 0.006942 1.054319 108.581665 49.474663 231.148987
007051 0.007849 244.286377 325.906982 361.077942 395.537415
007063 0.972908 206.487091 19.367065 500.000000 362.571198
007067 0.013769 138.984085 4.359466 203.095596 31.000156
007081 0.006031 457.847351 51.026756 500.000000 182.820404
007081 0.005061 446.229034 36.368286 497.918182 272.387299
007098 0.011918 21.214775 57.159531 185.440125 183.897903
007098 0.021806 171.724487 147.821289 334.073090 266.018982
007098 0.007377 8.811852 132.481995 96.300339 329.228394
007098 0.324148 4.174362 70.188995 197.823364 349.402008
007098 0.563534 47.054581 87.537537 298.973206 383.469604
007098 0.013330 151.758286 126.235840 344.645386 433.617676
007098 0.890886 182.435913 164.984970 488.312500 463.531555
007098 0.029038 36.828857 49.498428 473.974457 438.985535
007103 0.007587 98.654549 55.357422 328.002289 444.287445
007116 0.015059 177.494629 28.883760 236.230255 77.486252
007116 0.014026 371.730469 140.286591 440.830078 195.823364
007145 0.005741 6.702106 73.930145 117.185013 188.528442
007145 0.045719 165.092148 85.704536 336.931091 255.959412
007145 0.010989 55.162865 153.850952 189.940491 266.738251
007145 0.007099 135.468033 123.582909 289.935242 280.122345
007145 0.005495 203.863785 123.610008 376.559631 283.412903
007145 0.007161 18.027962 174.019119 162.398804 311.225525
007145 0.006826 197.677490 236.538956 386.397339 332.179596
007145 0.049708 35.521027 92.457726 312.566132 319.171173
007145 0.727559 113.455612 84.781815 469.474182 332.101501
007145 0.045615 163.292175 203.144363 488.612183 334.000000
007158 0.011530 18.659058 9.469528 291.243774 183.158615
007183 0.006205 15.809509 97.329803 438.510925 302.816010
007198 0.005333 166.437820 42.707752 251.951370 131.603882
007198 0.009949 245.973389 87.969528 333.084534 155.550323
007198 0.009410 336.425720 113.040939 399.907837 167.612198
007198 0.185579 461.730591 130.024200 500.000000 226.280640
007198 0.013478 60.381969 277.728729 114.250427 331.000000
007198 0.007282 95.383247 32.554420 259.554291 100.288048
007198 0.186358 126.546455 33.902477 283.863922 145.176804
007198 0.066308 215.442841 73.353409 361.399872 172.144165
007198 0.027074 88.101387 18.616325 284.805481 265.831635
007198 0.022774 234.514679 115.495186 400.030731 308.746490
007199 0.006937 40.939224 24.965820 240.236313 365.164093
007199 0.940209 80.827271 28.237717 470.495239 375.000000
007218 0.008009 343.221313 95.655655 401.028870 137.553787
007218 0.007793 182.456818 166.042267 247.597107 218.864288
007221 0.008086 226.082062 235.554047 273.322327 307.261322
007221 0.063898 275.638519 288.631775 328.717194 331.059143
007221 0.010648 290.253021 20.521763 444.924469 124.994446
007221 0.938249 30.133102 25.193329 421.086182 371.253723
007238 0.882119 62.360878 202.936005 215.350616 405.905060
007248 0.005660 263.905334 142.948639 341.261658 204.106323
007248 0.013787 230.344299 135.721008 349.365906 359.196960
007255 0.011927 382.855164 80.846275 444.796631 144.044769
007255 0.005770 402.668335 73.304871 473.957581 143.681976
007255 0.005302 296.691681 89.162506 344.592438 216.581055
007257 0.061917 53.455345 5.594505 236.013885 107.533005
007264 0.009332 138.708527 192.340515 221.262360 250.565308
007291 0.966247 141.515976 31.344864 498.087708 365.330139
007307 0.016331 2.975750 46.025322 61.002945 90.042610
007317 0.030024 137.771637 209.913483 277.356873 314.534454
007319 0.035275 56.975929 68.344376 263.383087 205.593857
007319 0.007145 92.849190 207.000595 311.125122 490.929810
007321 0.777985 230.397064 188.703644 317.465118 322.341675
007326 0.030263 2.418053 1.240730 136.446045 155.675629
007331 0.204712 3.264465 1.000000 187.357285 375.000000
007331 0.006516 153.777908 79.676422 479.597473 289.155792
007331 0.941006 19.638428 25.086456 488.043854 365.858673
007332 0.006390 151.840469 304.789642 222.171738 362.719818
007348 0.006553 347.707825 169.397049 390.609680 207.111191
007348 0.007513 425.298309 160.836197 480.772919 215.247574
007360 0.008748 205.997650 86.484924 365.680756 241.456940
007360 0.008585 452.735657 69.115952 499.571960 306.857178
007360 0.950700 202.680145 84.642128 477.484955 290.200470
007360 0.012264 167.412933 1.000000 499.486053 356.386780
007364 0.015803 225.566803 200.967712 283.109680 258.441681
007364 0.006454 228.345871 220.996796 280.610626 288.383057
007378 0.006127 223.627777 185.568115 285.680359 256.407379
007378 0.005451 263.660522 184.262253 304.568481 267.113373
007400 0.007966 168.051941 10.396343 320.519958 94.544586
007401 0.006761 81.997803 131.504974 134.612976 165.115387
007409 0.468205 66.399994 77.688148 289.583405 170.403534
007409 0.097413 324.185028 143.996948 466.596649 287.724548
007409 0.152466 60.252884 56.516853 444.754395 160.522827
007409 0.950820 107.244171 104.566223 455.027618 333.149658
007420 0.025403 155.976578 94.512207 220.043777 185.093933
007441 0.009275 173.308197 90.371178 334.642303 266.976318
007441 0.859537 132.028595 39.873871 367.935822 338.425232
007441 0.005729 247.252716 8.567230 497.237518 353.204498
007444 0.291182 150.795212 267.252075 279.255981 439.403625
007453 0.036220 3.175156 91.134964 212.055038 207.898178
007463 0.018766 225.861786 1.000000 369.005463 202.601013
007463 0.954509 208.862885 1.000000 375.000000 488.825378
007476 0.026932 247.509277 22.186295 406.664612 144.294571
007485 0.013829 96.613754 214.515228 179.477615 276.705811
007487 0.006435 216.885895 26.139175 496.552521 285.516541
007487 0.944426 70.979233 1.000000 500.000000 375.000000
007499 0.007617 255.092987 151.590271 320.484161 217.473358
007515 0.007041 414.975830 20.053389 488.811707 58.467247
007515 0.014938 468.286407 11.989441 497.221466 61.670319
007515 0.006501 368.483948 35.321640 443.601379 76.269295
007515 0.095409 402.865570 30.656044 485.113251 83.998558
007515 0.044620 461.711548 26.021416 496.413086 85.445114
007539 0.006732 86.005936 1.000000 486.497375 102.953728
007542 0.005734 341.286713 101.743042 474.853363 206.404541
007542 0.006751 1.561188 294.281830 438.739227 375.000000
007542 0.886463 29.703217 75.074631 487.476410 375.000000
007561 0.012362 111.331619 9.272552 239.422531 187.520706
007569 0.006483 466.384216 146.964386 500.000000 200.213898
007574 0.007212 69.311302 92.987762 110.732628 141.436005
007574 0.039313 395.872742 85.914474 481.948608 129.520355
007574 0.007439 36.480736 117.209717 97.053261 188.608826
007574 0.009437 46.935642 105.316895 127.527710 198.219238
007574 0.017348 55.245869 143.230789 120.093277 209.328171
007574 0.958742 28.970352 46.673508 494.871277 332.089661
007587 0.007605 91.912109 26.117149 279.565582 159.427643
007587 0.120761 68.914474 34.528671 415.447510 223.433105
007588 0.036896 360.465942 129.272949 405.337158 160.517700
007595 0.007816 458.306976 33.215736 493.320953 215.077545
007595 0.129236 408.972015 40.089417 495.137238 204.066528
007638 0.246492 160.806839 63.610214 336.554016 236.959000
007643 0.256590 103.425705 12.043690 219.932236 136.743484
007643 0.031448 179.844345 1.000000 351.636353 142.628357
007643 0.005317 20.656876 25.605179 117.622360 167.712509
007643 0.005142 69.246658 14.204422 168.954987 162.191986
007661 0.904207 1.000000 49.271423 410.211853 375.000000
007733 0.008388 395.764160 24.871746 494.196899 105.029678
007733 0.011617 454.350281 29.317577 500.000000 107.135925
007733 0.007479 349.480133 206.534271 399.685150 252.027557
007733 0.032933 76.081612 2.092010 293.785461 103.347771
007733 0.733561 256.460938 2.854774 499.242554 102.659782
007733 0.686062 82.999939 1.000000 426.994659 141.647385
007733 0.005603 36.307434 99.851471 442.113983 299.934082
007733 0.850097 43.046173 186.089279 437.606018 378.659668
007737 0.010276 144.099457 22.102585 371.507660 271.520447
007737 0.006683 103.335587 76.955368 347.258667 433.791626
007769 0.007290 28.815567 250.194763 355.243774 473.219177
007774 0.005789 224.185608 295.165161 421.048340 368.522339
007780 0.005904 345.928802 136.157074 459.330780 231.078552
007787 0.173861 30.749237 50.699097 427.020233 276.278961
007811 0.008531 215.092316 167.853561 364.370148 295.637329
007811 0.775080 190.818985 195.291458 381.150330 375.000000
007811 0.038310 184.791946 117.568047 485.351440 346.221436
007811 0.005670 11.912354 141.696121 418.766937 375.000000
007823 0.865231 47.247269 80.766663 377.645447 354.541748
007829 0.948676 77.984970 63.173676 333.000000 369.139069
007867 0.006587 59.745731 77.336670 120.361786 127.570770
007867 0.007030 17.008545 58.562927 175.631058 173.254532
007867 0.009670 2.566097 71.248001 118.046066 232.980606
007867 0.005685 410.913391 35.429085 500.000000 262.502441
007867 0.927600 25.721893 22.913910 469.327759 295.357574
007880 0.016862 217.363693 66.694016 432.432068 218.854691
007880 0.006864 15.592560 154.860474 248.884705 252.109741
007880 0.872455 32.360168 65.151337 454.592346 258.711578
007888 0.005146 13.603232 169.345703 34.519543 222.812286
007888 0.018783 27.321148 176.663330 79.007416 230.507843
007891 0.015087 7.608063 91.538284 280.677155 392.159363
007895 0.009188 332.820587 23.512619 495.834381 375.000000
007937 0.008060 25.413872 89.059349 72.628273 138.014008
007937 0.005476 67.256920 130.863205 122.737526 180.123001
007938 0.005249 398.664612 90.282471 482.866699 173.404205
007938 0.017148 138.801056 123.649361 379.742767 216.750671
007938 0.111873 391.020233 92.018036 500.000000 237.507599
007938 0.024616 385.916138 157.494781 498.928650 319.724670
007938 0.017278 98.172653 46.026226 399.915100 153.979904
007938 0.776042 68.379883 93.646423 435.601746 240.843048
007938 0.782746 17.812012 132.565582 278.598511 290.761139
007938 0.051789 40.936951 146.562592 459.886200 319.886444
007962 0.008298 65.590515 155.449692 197.698486 225.482010
007962 0.085828 65.750137 163.834976 216.540634 280.562317
007962 0.012039 74.180176 157.554398 412.261078 375.000000
007965 0.017762 172.340118 213.850006 284.704193 369.188324
007982 0.005072 5.622742 127.620041 342.711731 244.408554
007992 0.009440 67.604691 195.887177 500.000000 333.000000
008011 0.009020 27.325592 175.356750 97.581322 221.645355
008011 0.009040 87.941849 206.662857 170.463882 256.420013
008011 0.017527 32.460129 16.677155 176.533478 164.552994
008011 0.006551 6.124107 104.307404 200.309845 231.992493
008011 0.005667 15.909401 160.749390 186.084351 250.929382
008011 0.941030 24.151459 23.623367 248.471619 249.596268
008045 0.005245 217.786041 130.723053 357.801666 178.976349
008045 0.031764 61.568054 82.251694 428.395355 310.830994
008054 0.005689 1.000000 84.871788 453.869812 308.779388
008089 0.009671 225.138916 102.984215 258.124420 171.050049
008089 0.009211 413.397369 88.272171 472.347443 162.757492
008089 0.013704 191.106689 126.868103 251.093750 204.589417
008089 0.149091 220.543152 116.688866 265.975830 209.421295
008089 0.006310 377.747528 16.020142 492.784088 164.313217
008089 0.015193 169.671158 103.572968 274.139526 222.072754
008089 0.833867 340.139954 84.709473 476.193909 264.851868
008094 0.007963 1.000000 48.332870 284.359375 375.000000
008110 0.050012 81.105843 219.153473 158.275085 270.775818
008110 0.030914 108.570221 203.326599 195.441071 280.076294
008110 0.011231 146.563843 198.537247 214.759979 287.738098
008110 0.042465 90.387878 181.416855 217.217407 319.673340
008119 0.009341 239.280548 5.195555 362.918549 27.549393
008119 0.009672 178.385071 6.724136 345.024048 103.440651
008155 0.048662 82.017746 258.093079 141.457794 312.115662
008158 0.019209 343.748016 308.402771 389.323212 365.106873
008176 0.006400 413.750488 30.768867 489.487244 103.219109
008176 0.008510 412.887726 52.561951 484.928070 140.671082
008176 0.005527 390.530518 1.959702 498.372253 298.157654
008179 0.005436 63.829803 3.079681 390.642090 235.558472
008182 0.008556 194.299774 91.687370 229.205627 129.157318
008182 0.005577 96.189819 169.613663 185.590179 234.657761
008182 0.848656 42.343277 39.642296 456.734314 259.785431
008182 0.005734 18.736938 159.660797 466.719971 269.672729
008194 0.043464 196.166306 21.303581 382.480530 158.791168
008194 0.006824 185.718109 1.000000 392.063934 183.059753
008201 0.005478 248.369125 254.162277 486.926636 367.328918
008201 0.062190 11.023277 83.362564 243.254364 371.356812
008201 0.007564 33.944672 137.472855 401.603027 324.851990
008201 0.626709 62.249939 239.244339 500.000000 375.000000
008215 0.032958 333.164368 65.451942 491.073242 267.769318
008215 0.236498 251.162796 125.152725 349.323547 258.854309
008240 0.011869 153.274734 29.848148 192.598831 67.733536
008240 0.009471 88.934532 44.293209 124.658882 102.736191
008240 0.145364 133.041611 38.914680 190.787491 98.240196
008240 0.020088 102.847198 58.604828 175.286560 151.820251
008240 0.008032 124.573898 60.645885 205.762405 142.238495
008240 0.005923 146.211823 54.530811 284.525024 155.888809
008240 0.052102 87.931290 42.956703 187.693954 247.964233
008240 0.027284 421.836212 69.277039 495.425995 241.944550
008240 0.082905 308.182892 138.399445 494.685516 254.326691
008240 0.898961 114.225052 65.814644 289.155457 314.072083
008240 0.684010 273.179749 122.939743 489.936707 345.023010
008240 0.022700 96.553085 102.232742 419.586792 337.501465
008267 0.418453 105.334869 153.176987 158.587372 226.432755
008267 0.582478 52.910065 145.783691 154.139923 238.888550
008267 0.969612 179.286743 152.946625 344.367676 368.706329
008286 0.005673 228.702209 326.467316 260.449829 394.378937
008288 0.006284 391.618622 101.200050 436.992340 197.320862
008305 0.265344 135.706360 102.156952 494.091431 363.795776
008321 0.155848 3.029816 226.125443 311.087036 492.809082
008330 0.005461 118.433319 69.522720 344.463409 328.126770
008340 0.010045 7.747383 1.000000 185.644714 91.546272
008340 0.053417 1.399742 1.000000 183.109192 256.444489
008340 0.015589 1.000000 1.000000 384.008362 337.958557
008361 0.007257 270.128326 125.670647 459.546295 257.483551
008361 0.881593 215.297134 7.768517 500.000000 247.515991
008395 0.023855 111.306763 41.941395 181.106506 91.161911
008395 0.036924 296.554016 125.461250 359.572083 187.096436
008395 0.020671 339.079071 129.024582 393.398407 183.374496
008395 0.007052 306.298737 161.431046 354.858490 209.967697
008395 0.048994 194.416214 59.237877 486.504822 273.781860
008396 0.017250 6.765989 3.198067 34.189796 76.434990
008396 0.015610 18.831059 98.001785 88.987183 152.067932
008396 0.005094 4.061951 77.626640 117.515091 213.621948
008417 0.006489 1.000000 77.538498 27.633850 125.199524
008419 0.006221 208.192734 213.610474 283.022339 259.465851
008439 0.005299 179.083542 280.024231 265.861816 457.198242
008493 0.015912 206.970627 24.335691 289.155792 74.967148
008493 0.010387 255.932388 29.487267 328.159241 98.760201
008493 0.049460 113.162781 56.517025 329.562225 156.042236
008496 0.012990 179.608704 152.648880 215.398621 210.942978
008496 0.005662 15.019478 380.107513 201.066833 500.000000
008496 0.364634 8.598648 369.744385 375.000000 500.000000
008496 0.010650 1.000000 438.728516 375.000000 500.000000
008497 0.956400 57.063400 15.797913 472.366516 308.396088
008516 0.005233 295.238586 192.694366 354.185547 257.935547
008516 0.909915 147.841873 50.616470 494.391724 308.225891
008525 0.847139 251.019760 246.269775 366.000427 443.375488
008538 0.007366 139.085938 150.236115 262.456421 276.023071
008539 0.963320 34.944092 30.412231 500.000000 349.271454
008544 0.005652 413.765167 224.002350 488.829987 301.382782
008575 0.950260 44.232086 32.576675 333.000000 488.104309
008594 0.013614 8.962738 24.841125 195.474350 317.118530
008594 0.007716 119.002960 7.303261 500.000000 255.735321
008600 0.011169 10.989059 15.647690 473.983643 326.620361
008603 0.005733 203.646942 374.128204 275.480499 420.883698
008603 0.008669 3.085098 359.195496 332.000000 500.000000
008605 0.008959 409.330048 114.898888 496.135223 283.183716
008629 0.005215 173.136902 101.149521 247.589325 167.911880
008637 0.027779 26.883606 239.044312 406.513000 364.467407
008646 0.007093 194.736450 321.981567 299.401184 366.691650
008650 0.006479 285.838684 94.551819 351.956909 129.925812
008650 0.005160 343.223175 92.982956 397.171783 125.759735
008650 0.010328 468.255951 107.096771 500.000000 209.243164
008650 0.103515 457.104218 137.717590 500.000000 233.731598
008650 0.025058 472.705963 151.004242 500.000000 294.427856
008650 0.109985 393.060730 139.382446 500.000000 247.167786
008650 0.023630 447.715179 135.017426 500.000000 315.376617
008652 0.007962 212.501770 53.368073 368.333984 313.537506
008652 0.195157 178.303528 56.693726 344.609009 496.817810
008671 0.016703 1.433202 83.659698 19.423698 156.855133
008671 0.039349 46.697266 92.098991 81.794655 143.006500
008671 0.033053 1.000000 96.930084 20.455509 204.045227
008671 0.006667 24.352436 112.058197 88.642792 172.892761
008671 0.012749 345.987671 122.530342 433.850647 191.851379
008671 0.008142 1.000000 101.586609 13.507292 276.671356
008671 0.012097 331.183533 190.317871 389.933899 253.215088
008674 0.009448 38.994919 17.474604 128.749557 73.052750
008700 0.008578 302.489655 183.593460 351.128754 271.817505
008700 0.009367 342.474884 120.802406 463.780975 261.643433
008700 0.047657 444.179108 123.817726 497.008636 322.825531
008700 0.318303 228.319809 79.341125 486.166809 368.652435
008703 0.284425 180.890823 79.101669 334.837097 238.369888
008703 0.006312 237.665833 74.690750 411.333008 252.536575
008703 0.006342 288.298065 157.843536 446.929413 325.789490
008703 0.028986 324.760834 188.930710 486.471466 362.080505
008703 0.905024 187.619644 43.180862 473.470154 359.791016
008729 0.008645 467.242126 60.507755 497.370300 155.760315
008737 0.046565 379.287018 17.139793 498.525177 170.199738
008737 0.025802 392.733826 4.913940 495.219971 333.000000
008737 0.971486 78.883987 15.891037 478.792419 331.251953
008767 0.006948 174.445496 240.944901 248.195740 297.894470
008767 0.916275 169.393982 119.756081 427.400879 313.479706
008767 0.006454 105.776291 56.919205 477.302429 375.000000
008781 0.009114 1.000000 50.639854 305.059387 282.642731
008787 0.007695 267.745453 186.916321 313.052948 242.551697
008787 0.958962 190.806793 36.030289 483.943146 339.236755
008795 0.146978 53.733170 44.036957 451.915283 287.992828
008820 0.005282 127.632149 224.888748 179.570862 263.119263
008820 0.060050 56.597809 69.752930 269.208221 407.376160
008830 0.928417 75.659241 124.329102 254.152435 235.905090
008830 0.006342 73.226044 166.338531 219.934448 252.827820
008846 0.006653 142.413727 68.776878 223.963287 280.078918
008846 0.936534 181.143143 90.606079 454.623657 268.955933
008846 0.013261 104.786285 6.039581 490.288910 333.000000
008851 0.010444 109.838844 4.629646 183.140961 82.820747
008860 0.970160 11.495499 6.912766 316.168274 291.595276
008860 0.072339 241.355423 65.033249 497.034302 265.501709
008875 0.887369 204.205933 251.330170 375.000000 491.397369
008887 0.008240 435.733337 1.000000 478.277405 59.183872
008887 0.010758 454.512939 4.539562 484.684204 60.168652
008906 0.240220 178.705475 167.719177 267.747162 226.486176
008906 0.007622 96.090591 152.167038 267.389648 228.883804
008906 0.005193 198.072220 184.277466 385.114441 255.257843
008906 0.010139 68.542023 134.081573 435.576202 250.872253
008906 0.009283 1.000000 13.722946 449.871216 370.754150
008924 0.980317 12.710968 52.834763 478.263550 353.273621
008935 0.009308 228.879959 92.267395 277.689819 183.072754
008935 0.008626 263.287354 106.068542 311.800110 169.051208
008935 0.015430 234.936203 132.016525 280.998444 210.194168
008935 0.009891 261.193817 131.556808 310.351776 203.922104
008935 0.005059 181.630066 54.934296 328.233215 216.439240
008935 0.005571 219.376083 94.033051 352.755920 239.736389
008935 0.019578 102.624664 18.397514 416.015594 198.741119
008935 0.917707 85.706696 3.015854 480.498138 329.570618
008941 0.057302 254.251602 319.326813 321.485657 352.120209
008952 0.012898 1.000000 18.480927 51.889603 285.196930
008972 0.814521 88.939087 84.285400 403.204071 487.160095
008990 0.037282 25.913750 94.639946 88.659874 181.482300
008990 0.146044 15.565750 62.959831 115.044998 300.857971
008992 0.017432 126.867027 91.338196 168.201447 138.085876
008992 0.064414 18.735474 76.092178 378.820068 375.000000
008996 0.019213 195.682983 112.445343 331.342285 291.526489
008996 0.866460 73.106476 164.094528 304.770996 469.101074
009057 0.008707 224.253860 78.140366 278.182404 167.302704
009057 0.238821 144.000031 77.765465 280.053589 249.510590
009057 0.019524 102.033150 134.085144 252.897766 262.756378
009057 0.740113 149.405319 80.243874 422.932007 280.965790
009057 0.015495 73.455811 1.000000 439.610565 333.000000
009088 0.007689 1.000000 144.581543 201.679108 231.837860
009088 0.039189 1.466042 149.429428 219.015808 375.000000
009090 0.006349 228.867645 99.961998 283.651031 150.622284
009090 0.632538 218.844040 74.910759 355.064514 175.029236
009095 0.006050 36.500824 333.030487 108.732498 379.206207
009107 0.011543 289.906921 34.149475 439.053528 175.613541
009107 0.008733 1.000000 64.058983 112.418266 239.163879
009107 0.968620 14.464233 48.182495 414.759155 356.208405
009132 0.006337 243.775330 71.418121 496.023926 320.725006
009132 0.943866 72.819580 57.954117 445.301208 324.681519
009176 0.005174 161.097061 49.479046 410.038757 176.407166
009176 0.007337 67.889870 133.682205 278.778839 324.949524
009176 0.100678 60.463837 111.298264 442.919403 348.936401
009183 0.037787 391.084229 10.498520 498.707642 375.000000
009183 0.955296 71.807098 1.000000 484.621613 375.000000
009216 0.909799 168.448853 1.000000 413.567688 126.258591
009222 0.093679 450.876556 148.864426 498.265106 245.489426
009222 0.023284 466.377228 169.639175 500.000000 267.006042
009222 0.019060 443.279480 118.393898 499.243652 336.630463
009229 0.008438 304.077362 312.273071 353.614410 363.733154
009234 0.937453 1.000000 106.442261 353.954315 366.283142
009235 0.025979 319.654236 195.960693 500.000000 462.658508
009248 0.005729 77.610962 158.498108 204.312714 302.650269
009256 0.161678 114.055634 71.169945 321.677368 311.692596
009256 0.954710 114.664658 68.689728 484.198975 372.973450
009263 0.006145 440.740997 1.000000 500.000000 84.368164
009310 0.005267 299.359619 223.339111 361.247620 309.304321
009310 0.015877 136.647537 124.593155 290.704834 248.724716
009310 0.013109 96.856659 179.437225 260.879852 361.518707
009310 0.748327 162.378357 117.977898 494.877075 320.819611
009310 0.005877 86.485840 216.296280 426.461151 375.000000
009338 0.011958 467.809082 12.903212 492.928589 53.660934
009346 0.011119 349.033783 96.741089 390.296539 154.065811
009346 0.016768 342.521484 112.057655 397.760315 171.322784
009346 0.005577 364.216064 117.221863 425.256409 175.310730
009346 0.014391 344.418091 106.348076 447.264160 297.178772
009346 0.012338 39.210865 135.578064 161.852448 300.100311
009346 0.888156 105.099731 122.860977 223.634766 303.510864
009346 0.897667 241.010345 116.471100 438.765961 308.752289
009352 0.005316 250.780792 178.861145 328.975067 260.169220
009352 0.862014 251.394073 113.402573 376.292999 250.689651
009353 0.027362 123.109474 116.746353 164.011826 167.084671
009363 0.040612 116.813187 211.987335 246.071609 356.511200
009367 0.037479 65.570084 243.307190 114.079041 299.837646
009381 0.012707 477.109222 233.440369 500.000000 365.975769
009385 0.029568 307.518372 185.445358 488.755554 350.318176
009391 0.034260 19.573372 290.907837 147.728851 433.988770
009403 0.838607 120.139534 26.377541 299.340485 103.484283
009431 0.005392 71.820396 4.735512 221.348328 180.851318
009431 0.968059 85.518234 1.000000 375.000000 493.492310
009435 0.021750 83.690140 179.293732 166.565735 237.861481
009435 0.005982 162.535629 164.962708 248.751297 229.535736
009449 0.263611 143.217087 151.365936 480.050903 315.926117
009453 0.121567 20.383835 143.059982 372.078979 338.348389
009483 0.187755 28.779114 30.027878 287.779358 271.057800
009483 0.912415 33.915771 7.160080 323.379242 481.404968
009489 0.011099 199.175934 138.072906 273.669586 229.978882
009489 0.921227 160.821838 117.297623 296.816162 238.607864
009509 0.012656 340.858154 133.743744 414.556396 169.173889
009511 0.006298 195.969330 209.346207 242.281219 312.417816
009514 0.007573 445.363800 239.277435 496.684723 356.832794
009522 0.068006 316.400055 27.315659 399.000000 328.960938
009522 0.064148 6.815857 46.890793 349.786896 181.922943
009522 0.818390 28.194794 42.249084 399.000000 301.505310
009544 0.005924 335.046021 2.193806 483.689941 89.445862
009544 0.884878 50.326965 9.181198 309.918518 283.895752
009552 0.691801 76.610909 31.828278 232.432007 232.330780
009552 0.029265 102.034103 289.917908 256.184204 449.445618
009552 0.144511 48.038879 31.007782 265.817200 460.326874
009552 0.200712 62.411247 234.460297 289.422882 496.305573
009554 0.007375 104.009583 20.566971 150.770355 56.218933
009575 0.005204 269.461304 182.908478 380.269653 303.793304
009575 0.011381 72.989685 68.250587 377.388672 260.364563
009575 0.936873 90.240479 1.000000 500.000000 289.390137
009589 0.887213 11.636826 150.636856 403.226562 355.832642
009612 0.011032 9.454651 1.000000 370.434753 204.686401
009630 0.724033 322.679779 156.668015 409.561371 311.418701
009630 0.041732 338.156403 183.846451 451.460541 337.974304
009630 0.006791 248.500824 131.524963 409.038605 326.554321
009640 0.902084 147.330353 113.667015 345.213043 232.328247
009645 0.007195 322.299622 149.590088 415.087891 206.866211
009646 0.005123 299.053986 61.039825 331.884064 113.335648
009646 0.005491 229.010880 41.896355 336.954376 192.207153
009646 0.926858 45.109772 80.579849 304.529572 367.275818
009669 0.007198 2.657967 1.000000 106.831451 333.000000
009669 0.976194 16.196396 9.525513 483.275940 325.900513
009672 0.028245 415.297882 72.706390 483.585785 166.817963
009672 0.006372 423.654541 137.480164 484.902649 221.992737
009672 0.835741 402.808228 57.632851 500.000000 222.099701
009672 0.014157 379.888641 1.000000 500.000000 259.188293
009672 0.041538 393.329773 60.541977 500.000000 375.000000
009672 0.869191 150.393326 128.066193 442.393921 373.920868
009720 0.015430 1.000000 48.112862 186.303177 174.969299
009720 0.007420 1.000000 15.173080 267.947632 299.813293
009720 0.017519 18.260452 11.630402 312.828369 137.533340
009720 0.032383 167.385147 203.470337 494.683350 375.000000
009720 0.964703 163.083115 16.449570 493.131409 370.499084
009722 0.007530 27.379028 13.026077 218.081406 105.356506
009750 0.006845 60.072639 219.219574 106.256828 367.164764
009753 0.005024 164.485016 145.005585 210.659729 181.714630
009753 0.005550 271.782867 125.268509 314.382721 169.944138
009753 0.551395 152.652283 157.182037 227.964081 213.836670
009753 0.023161 191.794174 165.146332 239.522873 211.798035
009753 0.011746 190.917755 188.611053 249.306396 242.836639
009753 0.005551 230.937454 205.822571 284.741608 231.998444
009753 0.010021 261.545898 204.275513 325.131165 228.744446
009753 0.010594 199.492661 218.435211 260.138367 270.077972
009753 0.025589 153.379486 148.303345 289.472565 229.688446
009753 0.662411 126.012146 168.697540 244.002899 246.902924
009753 0.007235 160.067749 180.090866 350.270508 238.976608
009753 0.036165 110.255241 186.699493 257.370361 298.005951
009753 0.007755 113.378036 181.280396 412.263489 333.497498
009765 0.947988 97.828438 63.962875 352.496796 358.956665
009766 0.033401 130.191910 15.101719 205.483780 99.812103
009786 0.007857 1.000000 128.250671 19.162773 259.910767
009786 0.005016 21.599594 65.629448 165.768845 228.112122
009786 0.639710 82.699905 74.260727 272.984558 208.592270
009787 0.011710 52.779243 170.465485 159.368225 247.283936
009787 0.011887 312.611053 64.469955 431.385651 201.973526
009812 0.006303 171.078278 11.018667 223.435089 33.489502
009814 0.022990 141.377090 160.390274 190.995926 222.524857
009814 0.944738 144.232300 67.720413 334.214661 312.385376
009820 0.937109 3.927353 8.271591 490.418762 359.495667
009837 0.005763 384.626251 164.088470 500.000000 287.502502
009875 0.005072 286.248230 171.296356 331.208069 238.415192
009875 0.050749 44.604271 296.649841 122.624596 376.036255
009875 0.031910 70.352531 314.150024 135.022552 390.001892
009875 0.005411 40.116158 379.151001 104.268959 437.717957
009875 0.713073 40.099060 277.472351 161.162872 397.971191
009875 0.024836 1.000000 296.388458 97.859024 428.682037
009875 0.922483 209.975830 161.237152 375.000000 399.113373
009875 0.009370 1.000000 253.031601 233.455475 416.121521
009914 0.023653 182.186279 14.330626 237.663544 57.057526
009915 0.005935 194.875534 3.923473 316.316833 101.308914
009915 0.007412 6.860680 72.623627 126.060356 192.414154
009916 0.005948 134.839798 117.409943 220.740524 177.097443
009925 0.006599 70.932892 193.851868 129.704773 242.519806
009928 0.006103 253.684464 43.855659 284.929016 89.944359
009956 0.943745 106.282303 8.672745 415.782593 304.903748
